# Binary systems ID's begin with a '2'
ID Gmag (G_BPmag-G_RPmag) e_Gmag e_(G_BPmag-G_RPmag) M_ini1 M_ini2
10 14.687831376021435 0.882538415411224 0.002767828084003031 0.006994191121109283 1.8172705263197262 0.0
11 13.49432451762143 0.6914104144076763 0.0027619338250860384 0.0065103315607066385 2.357715962804927 0.0
12 16.73108204149982 1.365124115612022 0.0028335261524517325 0.012090536040617453 1.1985813525958233 0.0
23 14.47684041134572 0.8187995538310212 0.0027661706076772194 0.0068596785718969076 1.9034543745664816 0.22265653526297066
24 14.493288407595184 0.8150316538350999 0.002766286691415178 0.00686912873674419 1.895046108335792 0.07726922614265487
25 14.848533090597835 0.9820488590662442 0.0027693694995627495 0.007118577631006044 1.7112822219995973 0.9760911861586143
16 17.895005126928616 1.5902849017146954 0.0030190027710667406 0.025881436303953412 0.9690063153717396 0.0
17 15.754211665914795 1.1699704782768894 0.0027854166679546835 0.00838973282953917 1.4459049737359093 0.0
18 18.649905936067324 1.8070659775853555 0.0033453695599007373 0.0494907505632016 0.8490525916014726 0.0
19 14.514807240581122 0.834248692301039 0.0027664417083059075 0.006881741000922973 1.8887211787111156 0.0
110 16.98523766654194 1.372612018680977 0.0028568298585246545 0.01385372055079432 1.1421005545402392 0.0
111 15.608402391966406 1.1310069268590552 0.0027816705108525907 0.008095805485759753 1.4887511240176499 0.0
112 14.554653296162058 0.8436636950561747 0.0027667384309932415 0.006905859670773719 1.8717470930506386 0.0
113 16.275926987361263 1.2747067629550817 0.0028048679732208194 0.009899277370438627 1.3054146463453835 0.0
114 16.368660119930972 1.3074928854775438 0.00280962363248121 0.01026513508688892 1.283488227901339 0.0
215 14.325855751863408 0.8019717954552517 0.0027651960073038794 0.006780138339490248 1.9662028511883733 0.7315169142294272
216 16.0701199021322 1.3133926822192439 0.0027958692322197273 0.00920387135737488 1.3210404435135865 0.8309215908963845
117 18.956405952309265 1.9218384310636425 0.0035749989899980174 0.06585396318051008 0.8062726879391868 0.0
218 17.499949167531213 1.5916579067113592 0.002928988628932786 0.019246188541033923 1.0108716874239876 0.6451524119322074
219 14.359864459367985 0.7986026606516167 0.0027654018869961014 0.006796972101452213 1.955652100998742 0.06912551614967191
120 17.4398597946668 1.4681905361429444 0.0029183576337749877 0.01845670659450651 1.0516693029663167 0.0
221 17.770424582651078 1.5823172360306186 0.0029863790789617342 0.023485706065831627 0.9806438738146253 0.31923420610775066
122 17.011385571746946 1.427269329278784 0.0028596102600774616 0.014063219883904687 1.1388830313073095 0.0
223 18.886856724816276 1.86277491814299 0.0035160407483277993 0.06166692054314775 0.8099788101945748 0.25970597423839126
124 15.104489094779254 0.9913646072681552 0.002772449478792141 0.007365505342473861 1.655308525647401 0.0
125 16.93186123880435 1.388719831526687 0.002851391992141459 0.013443485697395938 1.154646986863551 0.0
126 14.748743633045928 0.8889222737500624 0.0027683811174243813 0.007038890142179635 1.7905747213516578 0.0
227 17.018254442658115 1.5101077744715143 0.002860353758981517 0.014119213118472564 1.0883538826221175 0.8206331946659038
128 13.726518751272007 0.7211347230595982 0.0027625730877510074 0.006563784849086132 2.2530204225895 0.0
229 17.25026801378702 1.5763488436643267 0.00288899722885224 0.016268135435416775 1.0308592578854785 0.8283664417982928
230 14.418013216201578 0.8163577750869255 0.00276577189287636 0.006827182591297834 1.9317437889524138 0.22685287758657754
231 13.172870607408147 0.7430493489855253 0.0027612758123132857 0.006454847135699605 2.209331496690353 2.10058773695625
232 14.418950343902505 0.8292013314890403 0.0027657780480884035 0.006827684704095331 1.8980010565824117 0.2072081949750505
233 14.034178025946096 0.7460292058461815 0.0027637088171215056 0.006657955143021804 2.105291762331056 0.3482206274997751
134 16.6802897632833 1.3493121898938585 0.0028295874840640082 0.011791079663353903 1.2095509045257566 0.0
135 14.607163680940308 0.8573883093897415 0.002767149466955503 0.006939222572010684 1.849734957424597 0.0
136 16.36230855366111 1.2984686546246076 0.0028092825020003013 0.010238925820629062 1.2844713162598134 0.0
137 17.169748895049846 1.4526620824560903 0.0028782346107863485 0.015462466511905429 1.1062297473422003 0.0
138 14.938547529032325 0.9316817065131523 0.002770357132417617 0.007197972878661161 1.7145001215984652 0.0
139 18.702525837088576 1.7405777755520824 0.0033795933477355237 0.05193966516427162 0.8408603162674851 0.0
240 15.597080895602508 1.2174676065426233 0.0027814035581313658 0.008074808183390736 1.4377256305830282 0.8814595969690715
241 12.699564046014881 0.7329162066840993 0.002760641161638554 0.006400691854811593 2.6713498955053807 1.1152069735068708
142 16.309723770554026 1.2772999343080251 0.0028065463201635715 0.010028514094702986 1.296605613941812 0.0
243 17.736847127820937 1.6490585004490175 0.002978311158502932 0.022891768981268504 0.9802727883092033 0.3912548520783283
144 12.728376605781383 0.7014794749415834 0.0027606712299352867 0.006403276785114191 2.6680346881861983 0.0
245 18.0133085323356 1.647340065276373 0.0030543186494122582 0.028465203697946237 0.9312122361883476 0.5874800740514194
246 12.170992689343429 1.6706266888140622 0.0027602272970538686 0.0063648331208786876 2.8777493840431188 1.3258876693520842
147 17.793127221460335 1.632380208045781 0.002992002065097566 0.02389929646559369 0.987979855439308 0.0
148 17.749836891729935 1.567612968472178 0.0029813976847671672 0.02311906275369089 0.9944310739019617 0.0
149 16.884664599937082 1.4015448286654195 0.002846837847613752 0.013099386464243551 1.1657984745287255 0.0
250 15.312432774097285 1.1694054763819044 0.0027756600198060493 0.0076210850291580584 1.5149293765841656 1.0977096863606537
251 15.077907323689741 0.9860682453009421 0.0027720886034995197 0.007336670142372482 1.6620794558976528 0.29795759516143117
152 14.50582433749702 0.8357979956460546 0.0027663765594388334 0.006876441468180375 1.8932146709147442 0.0
253 13.421041133471507 0.7035233914921498 0.0027617631306250546 0.006495989435767033 2.3919316736492053 0.6920987834938779
254 17.050294215008044 1.5153222394999817 0.002863895555673231 0.014385787040641338 1.0892000313439343 0.7951749468366409
255 18.909805347649904 1.9120926829314508 0.0035350076645244283 0.06301487782125344 0.7996876091579751 0.46933477594916145
256 13.416816027503579 0.6949022274221209 0.00276175369492992 0.006495195670100926 2.39268872242325 0.5568510969704616
157 17.46841784792969 1.4613620253689619 0.002923324200678407 0.018825716998396108 1.045726840719704 0.0
158 15.93135793577718 1.1991532218593413 0.0027908370956356583 0.008812905141760459 1.394764299027096 0.0
159 18.40427564935977 1.7635179960046887 0.0032089819237088144 0.039688051727505995 0.8866995838046249 0.0
160 15.939507166680569 1.2181180760920296 0.0027911122547919776 0.008834327456836688 1.3941164966566089 0.0
261 17.465400535361027 1.4778675273335549 0.0029227921944786584 0.01878620497418123 1.041554127773938 0.28916610594193437
162 18.467715136605076 1.62762843580307 0.003240821594882865 0.04198326723773249 0.8752007657597513 0.0
163 13.812230960171592 0.7320884867674982 0.0027628525954840285 0.006587045370381706 2.2131408124697853 0.0
264 13.6799409017159 0.7137502566148023 0.002762431697939923 0.006551994301737785 2.273313206920498 0.23161832103042862
265 17.925593806383382 1.5431362554356198 0.0030277064233595326 0.026519092536468968 0.9606060211660911 0.23479671035621413
266 13.298467861183761 0.741554512454481 0.002761506142894349 0.006474332153847955 2.144290018863596 2.054930067964651
167 18.74942014115206 1.778977477986909 0.003411774987574754 0.05423893187241458 0.8345375694832095 0.0
168 18.917889466453026 1.773643614937908 0.003541801825922217 0.06349750126578106 0.8105848301694685 0.0
169 15.599876338027844 1.1308476056350745 0.0027814691696937473 0.008079969573109323 1.491607035735729 0.0
170 14.828448590359555 0.9066364116416841 0.0027691619224580696 0.007101861977920072 1.7584156074283637 0.0
271 15.587162429096685 1.148953723580424 0.0027811723534356763 0.008056616713850318 1.4922557014306104 0.3202228235140475
272 18.71011414448556 1.670628030566855 0.003384691069697342 0.05230410223537014 0.8346570968692315 0.2781476396556025
273 14.457795156973502 0.8644399035313207 0.002766038742856523 0.006848937835868246 1.8765186986191953 0.9545344937773944
274 17.232592363822988 1.4867471517404693 0.0028865538423454304 0.01608540193259021 1.0598224581393176 0.315434836633143
275 15.14490042651115 0.997485493552658 0.002773018326946503 0.007410911354178736 1.6401811971561155 0.019060548290444665
176 14.837806959896813 0.9225033618128285 0.0027692580832852187 0.007109606848185056 1.7570170195720396 0.0
177 17.396151030902335 1.4910580865447793 0.002911046530437251 0.017912896944958172 1.0612250282791147 0.0
278 18.285901391735123 1.8645464741378845 0.00315509703350398 0.03579289317836618 0.8047153327512446 0.7580416982584193
179 16.637557600933246 1.3444728664937897 0.002826437035277069 0.01155120603948031 1.2192694689286845 0.0
180 17.455635864169523 1.479713244155818 0.0029210823356231826 0.01865918905117668 1.0488586778927549 0.0
281 18.202204843935565 1.7224034172113154 0.003120945317966201 0.03331644402903897 0.9072022295086801 0.5419509068975327
282 17.477293188708703 1.6235103986605752 0.002924899162555996 0.018942667764218976 0.9433747031606488 0.8301481749391306
183 16.99774798560427 1.4160100908215285 0.0028581503384557984 0.01395323787565339 1.1413264891883 0.0
184 17.60354365091299 1.5108903238443376 0.002949015989516023 0.020729695726175314 1.0211846562162594 0.0
285 17.31277865474662 1.536944207101709 0.0028980220556119353 0.016942236063791423 1.0510077375419717 0.7151349101303812
186 12.882593820147818 0.6885448131876916 0.0027608490735058014 0.006418521797908151 2.6127792406935857 0.0
187 14.491435828511491 0.8232119426674366 0.0027662735133977463 0.006868056178581887 1.8975754723540197 0.0
288 17.298347373166425 1.556942438007791 0.002895884193572194 0.016782667035713298 1.0386536513145517 0.5918931045727622
189 15.930732511292678 1.2126110201248792 0.0027908160779730956 0.008811268605740968 1.3962399604869218 0.0
290 16.427140397145937 1.3945067263192188 0.0028128768587103218 0.010514830935279704 1.1911586137459762 0.8861022880951677
191 16.13059034900794 1.2546498886780542 0.0027983092238176442 0.009392871500738913 1.3427377569711776 0.0
192 16.651778917604926 1.348700030355006 0.002827469419518539 0.011629846111533816 1.216175912369818 0.0
293 18.61814316676148 1.7233677145648538 0.0033256324533245006 0.048076601884108026 0.8456519351118017 0.45980811969372515
194 16.22914686618789 1.257552487648105 0.002802643609225541 0.009727784007224296 1.316565710392945 0.0
195 16.47950140521606 1.312481262947586 0.0028159691128800137 0.010751767607431826 1.2557442805768362 0.0
196 18.37904443399409 1.7231432114069767 0.003196912267288245 0.03881679446743867 0.8901179004083298 0.0
297 18.3075140976529 1.8715767685981997 0.0031644286414261253 0.03646847402945204 0.8048655241570148 0.7396129226789351
198 13.246141873895345 0.6893495540269247 0.0027614063761211426 0.006465901506880974 2.4696658397967495 0.0
299 16.67372847514369 1.4280384862667814 0.0028290942579653933 0.011753546384853143 1.1275885014778237 0.8585202035358721
2100 16.640237326011768 1.431311107018821 0.0028266303579603533 0.01156593468177217 1.1273347527168858 0.8858119844554074
2101 15.494919070804537 1.1085115148775566 0.002779136615096846 0.007896193992779594 1.5240695548272458 0.09331014432361007
2102 18.6026151528592 1.8129464372345108 0.00331622695435014 0.04740221303063018 0.8476772300879816 0.48229816852805324
2103 13.485817879937137 0.7009749803547903 0.0027619133115189586 0.006508609657918811 2.362452953192577 0.42944717732369686
2104 13.38958915889011 0.7320591065120691 0.0027616939118631336 0.006490164072079995 2.233871584249042 1.4836514311835227
2105 14.244459065754402 0.7838348987448782 0.002764732881378704 0.006742204085607483 2.006928707337348 0.09850939430007405
2106 18.270595068021617 1.7397326993418505 0.0031486187339801594 0.03532361659899442 0.8993280142765305 0.33303654548022965
1107 16.520889444259282 1.307345146544356 0.002818540048924027 0.010948476077920157 1.2449205780747186 0.0
1108 18.13354467851739 1.68604112109101 0.003095143197618268 0.031441047055720844 0.9298291107392861 0.0
1109 18.52771060287722 1.746302467477073 0.0032730060720510337 0.044298938651860346 0.8673183570769618 0.0
1110 16.003418573074057 1.2317345657348793 0.0027933562321076706 0.009008835138358033 1.3768540872201323 0.0
1111 15.827116645329806 1.1807124548323067 0.0027875227711644654 0.008554431789803026 1.424453293896227 0.0
2112 15.36561117108286 1.1704611266320366 0.0027766034561029105 0.007695895681743613 1.4678049814636165 0.746627046159376
2113 13.141904989353064 0.690444847652368 0.00276122366318175 0.006450424713895457 2.5139248915005585 0.28530849205857545
1114 18.3862421295923 1.6578584694620548 0.0032003219311838925 0.03906299233425308 0.8881673586931601 0.0
1115 13.809927874487558 0.7203439091062812 0.0027628447421480825 0.006586392644157947 2.211853865988883 0.0
2116 17.314047118128947 1.5246357568915572 0.0028982115636906106 0.01695637744972759 1.0433446588328072 0.5240052865392415
2117 12.168110809152388 1.823947466848973 0.002760225625936536 0.006364687029463176 2.9621515558158826 0.19770289095890187
2118 18.488152039492473 1.9084186012092808 0.0032515517288443127 0.04275577661977097 0.817897728379506 0.703623093304924
2119 14.930255903051924 1.0005562982488412 0.002770262092467767 0.007190342105614048 1.679798195490646 0.7731745721231711
1120 13.951043635457482 0.736561211346627 0.0027633638661728036 0.0066294449817431485 2.145505943084184 0.0
1121 15.479710575364182 1.0963937041988205 0.0027788200111321672 0.007871202730827892 1.5284980582378238 0.0
1122 17.404969355077608 1.4864060553053007 0.0029124939183679207 0.018020613952711758 1.0592913390650576 0.0
1123 16.90056273359222 1.3874974871717045 0.0028483460692836204 0.013213399256510449 1.1615684726306068 0.0
1124 18.3764619127059 1.68451674580161 0.003195695327828584 0.03872891101621974 0.8900249661188295 0.0
2125 16.384534684593472 1.4136662384112517 0.002810486521354928 0.010331408664574288 1.1906904139324723 0.9368764455206018
2126 16.49702137982057 1.4190850798427312 0.00281704341533306 0.010833995570806533 1.1586981886788916 0.9477309215520007
2127 17.349933128610505 1.5114552565882025 0.0029036818437824055 0.017364343459072715 1.0644834154070673 0.44821433970962654
2128 18.523304579757664 1.7680804786717919 0.0032705709136351367 0.04412387723902647 0.864052260857234 0.401920117159351
1129 17.60443535517985 1.5274278090983673 0.0029491982821136255 0.020743177573233348 1.021467547762247 0.0
1130 18.704469520526377 1.7454872279585405 0.00338089511324726 0.05203273671532223 0.8406293105802293 0.0
2131 15.220238992226031 1.0398278016571842 0.0027741474018685873 0.007500873832426048 1.6134474649825765 0.5383157905925426
1132 16.125773906382065 1.239686608200498 0.0027981089897499384 0.009377374625423845 1.3428379087217635 0.0
2133 15.435806671279936 1.201019935956486 0.002777934660144942 0.007801253916782499 1.449213197587584 0.8898713009590637
2134 14.360723201463538 0.8952780362882636 0.0027654071840363045 0.006797404983214275 1.8778353426962702 1.2407512822691713
2135 16.230412724279397 1.3624976591618034 0.0028027023333801805 0.009732314704032354 1.241851433666361 0.9887323520115998
1136 17.589267712245775 1.5132757687846141 0.0029461212967914563 0.020515562550443196 1.0239980509651647 0.0
2137 17.494642298545692 1.64951748733265 0.002928021737148595 0.01917444475640108 0.9504189542300011 0.8521594012385632
2138 15.686103918717166 1.1694053771102413 0.0027835933721446467 0.008246839636771742 1.4624357143702247 0.4496522552994667
1139 16.530425064164415 1.3213097086730963 0.00281914883621388 0.010995019569635828 1.2434186225916846 0.0
2140 17.72306316589941 1.5984454363822693 0.002975082898004905 0.022653939856732766 0.9743875537960937 0.6789592371799472
2141 18.121104999782474 1.6588112729302684 0.003090669597628927 0.031115478569024607 0.89661997271837 0.4105980991697786
2142 14.979976055815634 0.981110498734347 0.002770844945080753 0.007237109305615062 1.6816812165250357 0.7530394742606977
1143 17.88074258291565 1.5580750148025762 0.003015041714120195 0.025591036195974713 0.970852837570738 0.0
2144 15.916011702266138 1.2549303121119093 0.002790325453454403 0.008773057227295137 1.378412455991178 0.8091816762202532
2145 14.34180996652371 0.9768600820886444 0.0027652916492866245 0.006787960702576762 1.7420324700948993 1.5011485165300686
2146 13.092147926635997 0.733338827308105 0.0027611434333357364 0.006443612524428543 2.3693464327535225 1.9327737374724256
2147 15.919958507586282 1.2109044094183337 0.002790456231261812 0.008783244308081911 1.3916733041752225 0.15883889099188914
2148 14.374815640053932 0.8056290286675963 0.002765494816451201 0.006804564779162088 1.948911349837607 0.3942601529566686
1149 14.57730167937145 0.8406991761197556 0.002766912862966754 0.006920024531626486 1.8604151616725353 0.0
1150 15.44203473720582 1.0959365290170486 0.002778057714236606 0.007810981724258268 1.5416865967090192 0.0
2151 16.730324420672627 1.3445833203765136 0.0028334658027218645 0.012085951158743658 1.1847667220088614 0.4686427355088023
2152 14.445693615313873 0.8137955922016992 0.0027659563520441776 0.006842223666507695 1.916078237811028 0.32366210680391166
1153 17.240370420765267 1.4548411743155385 0.0028876232985345415 0.016165395571081737 1.091480020805228 0.0
1154 17.00627147389074 1.408887829972314 0.002859060269494206 0.014021792206566169 1.1391764156613118 0.0
2155 15.675691203102783 1.3047007288481773 0.0027833262393694826 0.008225878650804649 1.3490496147284987 1.1664683716331872
2156 13.791289025997605 0.7119018882792756 0.002762781898347614 0.006581167733397616 2.2174750211013228 0.052388084053567006
1157 13.54328413592273 0.7182827938641958 0.0027620556224806233 0.006520546096537946 2.339796407106163 0.0
1158 14.983155066803148 0.9393691662777423 0.002770883286114502 0.0072401832487424085 1.696969663458739 0.0
1159 16.579106928192672 1.3272310654311619 0.0028223564026689085 0.011240025883112669 1.232096427559105 0.0
1160 16.4204757191363 1.3157720231832062 0.002812495655707393 0.010485595397819125 1.2709340828888607 0.0
2161 16.699435061496867 1.4624859305791043 0.0028310468038099715 0.01190208624504558 1.1124401131545127 0.9657459466064928
1162 16.054844289009647 1.234171298608112 0.0027952776434937176 0.009157993411585543 1.3624985292055836 0.0
1163 15.20221771289138 1.0195869567295104 0.0027738689109344005 0.0074787034595984216 1.621126513080251 0.0
2164 18.290231721596555 1.828640518054401 0.003156949321833703 0.03592702921475403 0.8518703152947685 0.6732501036201415
1165 12.069365167636754 1.8322839282199812 0.002760171396264675 0.006359938901981083 2.989659537878323 0.0
1166 16.43227661093182 1.3151357531910493 0.002813172513893124 0.010537501452101056 1.267904451062398 0.0
1167 17.335909922547582 1.4657124431228252 0.0029015189636911343 0.017203092598159636 1.0725495332828117 0.0
2168 17.551932959704885 1.6511151464801035 0.002938758535265295 0.019970475669039672 0.9375168766602318 0.8603279848474
2169 13.820919796857332 0.7510252140162265 0.002762882400080649 0.0065895221455837 2.19374769232459 0.46190065484591725
2170 16.030282546611605 1.356181351206775 0.002794346638585713 0.009085749401824408 1.2504491513552738 1.0686285169355605
1171 18.043704618322124 1.596580621021023 0.003064144360470308 0.029182451303771076 0.9432576264338898 0.0
2172 13.208735899697677 0.6943278315676897 0.002761338432018704 0.006460152034203925 2.4862603383015354 0.2533831269982875
2173 15.685389451649957 1.1534455454559795 0.002783574946784748 0.008245394077762412 1.4644090755722587 0.23444836879925507
1174 15.891783936806613 1.1926340230418895 0.002789534755179666 0.008711438304046266 1.4060750252771523 0.0
2175 13.680505658860058 0.752294773411837 0.0027624333700740746 0.006552133841201101 2.248913267054713 1.0799777786418672
1176 17.43864973286475 1.4876005412318694 0.00291815055210355 0.01844131357253294 1.0525326227166325 0.0
1177 18.266294444811827 1.6960492369461688 0.0031468176999700326 0.03519311342917841 0.9079459531755277 0.0
1178 17.820969526307483 1.5742203256092109 0.002999088813076021 0.0244201460502844 0.9817282265357753 0.0
2179 15.918827649593846 1.2188793334301604 0.0027904187032065475 0.008780321145601632 1.3911364151576546 0.17910396115281357
2180 16.021957390728947 1.2937889160955933 0.0027940366350969964 0.009061681575357066 1.3374649523984798 0.855644936226882
1181 13.12865481836965 0.684889538377462 0.002761201875554437 0.006448575788254431 2.5185067729384074 0.0
1182 15.67441275215111 1.1747979591791415 0.0027832936478161337 0.00822332084333939 1.4721329033349042 0.0
2183 18.46588993050821 1.7571036746555917 0.0032398747563633728 0.0419150767484892 0.8728590378950639 0.4109616135931817
1184 17.414565715325363 1.474083005430562 0.0029140847395911274 0.01813897195510355 1.0569542311150621 0.0
1185 13.900891933364024 0.7162403266799774 0.00276317025390424 0.006613409900227209 2.166390144247163 0.0
2186 17.716450949645647 1.6860469221904597 0.002973551251840209 0.02254106651179868 0.9532197158862463 0.7498215675952836
1187 15.054451814156916 0.9833304809209514 0.002771778656005332 0.007311885164367316 1.674623562786846 0.0
1188 15.355076267942625 1.0571258938920938 0.002776412231177252 0.0076807421594152405 1.5683527541704219 0.0
1189 14.494893137184294 0.8318697271345955 0.002766298127711895 0.006870059486829821 1.8975891628279573 0.0
1190 15.859641756612284 1.1989407563868042 0.002788517168604227 0.008632069309605101 1.4164022663194002 0.0
1191 15.878578235588298 1.1952120664858086 0.0027891124004750362 0.008678505302904397 1.410312036506119 0.0
1192 17.09361951207313 1.4398893372299557 0.0028688838969100653 0.01476079933951934 1.1218826830179929 0.0
2193 18.56594288421869 1.9140786574145883 0.003294629957165211 0.045852435126113165 0.8397098445084293 0.5971065181171393
2194 12.76299044801655 0.7259077353443372 0.002760708610778088 0.0064064872267596065 2.6582399193402866 0.1307083677268055
1195 17.887251158048315 1.5769584364587985 0.0030168417427178813 0.025723018924808945 0.9700982952166739 0.0
1196 16.950215284176554 1.383002436610097 0.0028532266288239906 0.013581966996585659 1.150289808085225 0.0
2197 17.39326338240998 1.6294662589108424 0.0029105755548988407 0.017877839844010347 0.9413592088847087 0.9145391802335046
2198 12.189407645323207 0.8153986959549969 0.002760238098944652 0.0063657771270101745 2.832652232726084 0.078981674373403
2199 13.278958411894319 0.7504062807693829 0.002761468285156101 0.006471134634948408 2.144087626964621 2.0827216434011238
2200 11.99815549377829 1.789214108498835 0.002760135724148398 0.006356807378765938 2.99678010146241 0.8278549781233391
2201 17.605658954460203 1.6876333090591484 0.002949448710270161 0.020761697931412575 0.9133526787123862 0.8650706086079424
2202 14.50887904568505 0.8262363595601863 0.0027663986429972065 0.006878238018841912 1.8893393675959218 0.3183041385114597
1203 15.757645623978963 1.1859594547535655 0.0027855121945981865 0.008397211188181193 1.4465066737373484 0.0
1204 17.254840276085105 1.4608428325645626 0.002889636898532737 0.016315958063114994 1.0887590659066282 0.0
1205 18.0440670868819 1.6513212301572364 0.0030642634862442335 0.029191143036971116 0.9441586811673593 0.0
1206 18.49938980379 1.7438747534394066 0.0032575536056802185 0.043187667823649696 0.8716791013304986 0.0
2207 16.10347540534838 1.2674432791204755 0.002797195418103632 0.009306640427990084 1.3410932337243697 0.32285683511248975
2208 13.024701856080554 0.7432521001206643 0.002761041336101174 0.0064349280096539715 2.447527423150861 1.8484271182890415
1209 15.239102164250498 1.0219461703218276 0.0027744447635622126 0.007524533052179289 1.6071920473651882 0.0
2210 14.035926959332643 0.7482711666824196 0.0027637164115911837 0.006658582017642013 2.102312714003929 0.0970981121193813
1211 15.042496952344315 0.9601007606053944 0.0027716236742768774 0.007299485268422669 1.6759272131522476 0.0
1212 14.32171157509175 0.7960901387311153 0.0027651714321541452 0.006778127764979714 1.9745735531872353 0.0
1213 17.532440689944682 1.484273120247666 0.0029350307526164257 0.019694254754758923 1.0340711279374715 0.0
1214 14.299822717438918 0.7998971871965301 0.002765043438139328 0.006767651967481668 1.9860236297783287 0.0
2215 14.814231860436154 0.9351382260383005 0.0027690176859851592 0.007090240844991421 1.7534725034564351 0.6257621838656433
1216 14.868771857711922 0.9191698578029839 0.0027695832724976255 0.0071357815396833855 1.74292063128522 0.0
2217 18.25123675219114 1.7778877079166915 0.0031405772408391766 0.034740794444872033 0.8045234051722295 0.7815915829075731
2218 12.968693019501666 0.7419169148731721 0.002760962021824749 0.006428168585859352 2.546877216025554 1.4435562013239052
2219 15.730136263169546 1.244791859062944 0.0027847567833471404 0.008338051587459889 1.3941000850316743 0.6815924852846041
2220 14.672979054859653 1.0583591789689342 0.0027676986610324014 0.0069837181845510445 1.645230510363792 1.4240308501716346
2221 17.178749639969674 1.5080712991005392 0.0028793917922442253 0.015549187795483081 1.0939661551778372 0.49450879290996724
2222 16.725942493851978 1.4076197776929658 0.0028331177184181084 0.012059504452811634 1.1772710602512417 0.6255047286528219
1223 13.841591398319862 0.7272114814411559 0.0027629544417938356 0.006595506133939451 2.197732830657528 0.0
1224 16.896326715617274 1.380387102105565 0.0028479416750093523 0.01318283486577204 1.162170842966022 0.0
2225 15.62492633492957 1.2872489288233835 0.0027820660350765048 0.008126902305239206 1.347987445224948 1.2005185736919437
1226 15.386654111401274 1.0653037700978572 0.002776991989109506 0.00772666979737794 1.5579034718745428 0.0
2227 13.652344206884928 0.7241421475275697 0.0027623512189319547 0.0065452754377687845 2.277986671715402 0.852738253242856
2228 15.887830903425067 1.3249259858031814 0.00278940769441951 0.008701532179721186 1.3120187681260387 1.0611830457135365
1229 16.415404601695293 1.314640192105147 0.0028122074317827946 0.010463486695622987 1.2721407536719498 0.0
2230 15.59865462721821 1.259309757131115 0.002781440470682876 0.008077711995486314 1.397082073315734 1.0116280269334677
2231 18.626438789843693 1.80899838004436 0.00333072218150575 0.04844140968933192 0.8454311004602995 0.45735584377589056
2232 14.857319300511037 0.9061964774377171 0.002769461731053179 0.007126001504585119 1.7456975713202687 0.003863385128749588
2233 18.86549238314719 1.8343008158812761 0.003498800520683843 0.060440841051039536 0.8103262697296851 0.29162664600886307
1234 17.749415878234313 1.5273304529853 0.002981296966839397 0.023111647251908958 0.9935484219267241 0.0
2235 13.028769603946536 0.6860138570942845 0.002761047285355714 0.006435434560519887 2.55879508947879 0.2403432878686782
1236 16.757087490670358 1.3749010047873396 0.002835627869223779 0.012250141355866138 1.1930747641635404 0.0
1237 16.583167098459672 1.3398960068158672 0.002822631612326083 0.011261030540029608 1.2318872298903005 0.0
2238 16.626605660330135 1.3378449584653143 0.002825652718818366 0.011491438937684596 1.2205942278131652 0.15674351102838371
1239 17.012549013003333 1.4365402196781305 0.0028597358056363016 0.014072675607349247 1.1390358768865867 0.0
1240 14.945945985858899 0.9438727718892594 0.0027704426557182203 0.007204837900934148 1.7133134972352848 0.0
1241 18.5240223696168 1.7363224611178167 0.0032709668387005198 0.04415234156330349 0.8677753844204852 0.0
1242 18.158476530303695 1.6614052609779801 0.003104292136161909 0.03210648201450177 0.9252881139787666 0.0
2243 16.572378891243105 1.4522196052902132 0.002821903004162246 0.01120541568601307 1.16818794360869 0.9274638356501931
2244 15.352711059772757 1.0692359474528323 0.002776369597003834 0.007677362964235312 1.5646156917174163 0.5438415670073773
1245 16.66226151393031 1.3353791039000467 0.0028282406035987574 0.011688567403646093 1.2129700943155513 0.0
1246 15.08792322044911 0.9999741319008516 0.0027722233656511256 0.007347440873534372 1.663353628433106 0.0
2247 15.95090320310191 1.357276478028903 0.00279150112360865 0.00886459344475993 1.2624607947043778 1.1356481016175188
1248 17.138026874492 1.4322538850843918 0.0028742447327905723 0.015163271117853717 1.112144030938911 0.0
1249 17.198628555966714 1.471558994681181 0.0028819877076564663 0.015743643814830226 1.1008387057033584 0.0
1250 17.091988625228698 1.4194560836543821 0.0028686918663354904 0.014746372097656071 1.1213850020994471 0.0
1251 18.974754609611153 1.7490384836648036 0.0035913055103079104 0.06701045365852054 0.8023481085773615 0.0
2252 14.66126402056988 0.8624847225849711 0.002767598029857272 0.006975571755056017 1.8256045336691646 0.03376225841114222
1253 16.2331959775375 1.2700091782045582 0.0028028317331644796 0.009742297557844469 1.3164433386092704 0.0
1254 15.156765403406375 1.0007730783664188 0.0027731901098939113 0.007424612265511364 1.636053188292183 0.0
2255 16.691489616363132 1.433721615224733 0.0028304375125532332 0.01185574702425919 1.122834235703116 0.7853638578602016
2256 15.993816163171125 1.2791498370819534 0.0027930091246262828 0.008981863840777999 1.3601707302662025 0.7806008513546842
1257 15.076986986031594 0.9816221153711152 0.0027720762934389568 0.007335686107147893 1.6650141235211773 0.0
1258 15.215192207858534 1.0171844113800599 0.0027740688648207885 0.007494622823027174 1.6157593409563449 0.0
2259 14.783248877300716 0.904754328213229 0.0027687109098080993 0.007065506741089902 1.7740688216603262 0.5869175103978284
2260 16.86663092803351 1.4795811320262693 0.0028451580672328772 0.012972338534425578 1.057157064094524 0.831487672713388
2261 15.252642153647114 1.1068539615162585 0.002774661973130778 0.007541806458994681 1.5692368652520765 0.9588431982141652
1262 17.32458749616056 1.4704767025669292 0.00289979636855507 0.017074616516391125 1.0749993009389118 0.0
1263 18.409015071463873 1.6793749662768607 0.0032112859798988334 0.03985429535271566 0.884909472813808 0.0
2264 15.008233912541186 0.9643223622133383 0.0027711904108930086 0.007264795836852971 1.6873395806060274 0.4797885855647412
1265 18.43930773359102 1.683390222249684 0.0032262943684747076 0.04093660322528053 0.8802646528006132 0.0
1266 18.741538205245497 1.7305191199071093 0.0034062514307416757 0.05384452741200328 0.8352228750226214 0.0
2267 16.990770511002196 1.5180290307408637 0.0028574116588957147 0.013897572374758874 1.0875593659931853 0.8445379772677124
1268 16.335363836685975 1.2902510968214678 0.0028078610752238853 0.010129660954658514 1.2907914951076926 0.0
1269 18.541936938818342 1.8052323374448016 0.003280948330629276 0.04486973671993621 0.865780770092913 0.0
2270 14.52846438771703 0.8795803554326448 0.002766541975363175 0.006889894378424655 1.8545281522880757 0.4978198917772616
2271 12.460004714482205 0.7555703640324464 0.0027604242732979876 0.00638197198538471 2.7524941500266014 0.8969012382014661
2272 13.681700112574829 0.736800025833439 0.0027624369099742813 0.006552429237596904 2.258324256652045 0.47167531960310416
1273 17.03374038578122 1.4101383420325375 0.0028620503444662716 0.0142469397160868 1.1333806603374785 0.0
1274 13.100877617816375 0.684458714285579 0.00276115719954603 0.0064447821374408 2.5296432803700544 0.0
1275 17.03813433786367 1.4084619999064905 0.002862536917219028 0.014283559922231098 1.1323740389924912 0.0
1276 18.573870991327265 1.6788222389946001 0.00329922682092607 0.046182448350874136 0.8594257444712027 0.0
1277 14.861316551060824 0.9193162317767791 0.0027695039817279875 0.007129401666750186 1.7462033634758265 0.0
2278 15.837048285783244 1.2907052019648997 0.0027878227198729435 0.008577858471791232 1.3040795884886063 1.0372428265626368
1279 15.465750471528011 1.0938913252056197 0.0027785339347147623 0.007848611032777118 1.5329704217123465 0.0
1280 18.78005167975407 1.8131932020976522 0.0034336928996963533 0.055803029099062824 0.8304798693797361 0.0
1281 16.8748749861481 1.3788922761093212 0.002845921920041945 0.013030120258731966 1.1668834157698336 0.0
2282 16.94755752437452 1.4527589005532517 0.0028529587085292206 0.01356174881184888 1.1411698970461157 0.5382116561563923
2283 14.578642947433751 0.8768012875115891 0.0027669233274042124 0.006920873990556513 1.8388938152424992 0.6603146884871012
1284 12.155322449485679 1.8202653000639542 0.0027602182727314933 0.0063640440472324585 2.9652805047408286 0.0
1285 18.78634778994286 1.7688936303213325 0.003438288455774835 0.05613078982263548 0.8291973842561381 0.0
2286 15.322104977379164 1.0585755143527864 0.0027758276101757184 0.0076343832614843505 1.5802293573285005 0.2848409121334895
1287 18.3323479457051 1.7047808935477342 0.0031754232475015224 0.037263882001077504 0.8971817065221616 0.0
1288 18.310710045130534 1.6694609451604736 0.0031658271060025864 0.03656968021618564 0.9002105641109164 0.0
2289 13.863757032472215 0.7369738990987482 0.0027630334970416355 0.0066020683579600895 2.1722401724837415 0.34558887619307765
2290 17.786792363066414 1.5705537059626966 0.0029904191650180537 0.02378289776990128 0.9861327045586085 0.29291423500182945
2291 17.196761864854775 1.4900389073368208 0.0028817415669931097 0.015725210887613132 1.0948843500318335 0.42388446300602123
2292 13.5272315015275 0.7225984744832837 0.002762014976908509 0.006517139062327523 2.3312799309840537 0.8998295946256997
1293 18.2713855753092 1.6587711671408112 0.003148950696591649 0.03534766877181857 0.9065534321457743 0.0
1294 17.25512402796971 1.4475076078191256 0.0028896767001752987 0.01631893346912645 1.088224979563833 0.0
2295 15.64756423408477 1.205895243202419 0.0027826194852046673 0.008170389297686622 1.4568975109325262 0.8317359230986046
1296 15.515755752771625 1.1159054027693351 0.0027795789084808604 0.007931087220769177 1.5185173546737334 0.0
2297 14.24084845792872 0.9134105690681851 0.0027647132653490633 0.0067405952209682995 1.8836807963813427 1.4149030423467752
2298 17.782491181375452 1.5402444824287993 0.002989350574609257 0.023704306014031257 0.9862395323671832 0.2817645785471556
2299 17.78217250807424 1.6044602716615157 0.002989271600257289 0.02369849726400508 0.9872544584112855 0.24281301038155131
2300 14.768533889367948 0.9017948675968775 0.002768568764373152 0.007054038052780535 1.7810457197309564 0.3386612496882086
2301 14.920287650121857 0.9424449505722958 0.0027701489549034814 0.007181255720100875 1.7211028568698699 0.19175304048679156
2302 13.39600173922822 0.7060538347816412 0.0027617078344694267 0.006491336235658454 2.3951154271780437 0.31564875808865184
1303 14.422865031604843 0.8139643868321954 0.002765803827840406 0.006829787536034997 1.9291349258924821 0.0
2304 18.77183032515553 1.8615284207265215 0.0034277389189911866 0.055378289013117796 0.8276708682700191 0.3941876653867392
2305 12.093042854518826 0.7611915865117104 0.0027601838779085014 0.006361033034061021 2.852034858668302 0.4283861129563127
1306 18.188441715777643 1.6180503815732026 0.003115618866872259 0.032929619292085474 0.9196407841674683 0.0
1307 14.820375577592388 0.9042008869448152 0.0027690797458960205 0.007095241635594198 1.7615516678893446 0.0
2308 16.433432572878225 1.4120706022186407 0.002813239280613084 0.010542620556000196 1.1655820953198839 1.0132633494478687
1309 16.78185038976998 1.3656415175729617 0.0028376847447062203 0.012406219448264703 1.186994152076459 0.0
2310 15.898725043326213 1.217983395151718 0.0027897591761837258 0.008728932056682012 1.4011564877527611 0.05011976401427809
2311 13.917584592621205 0.8502226965740532 0.002763233536481955 0.0066186537316136615 1.9224569984666648 1.7048150551000452
2312 13.135230689844471 0.6813635909578251 0.0027612126495006055 0.0064494901732065 2.5150357741014098 0.3599666595349704
2313 17.326503410284733 1.5862826100204062 0.002900086378322871 0.017096249414462993 1.028721998217182 0.7854929558789265
1314 18.908994180801074 1.7653691246459042 0.003534329199736329 0.06296667645006308 0.8117787111418473 0.0
1315 16.807306370536434 1.3659808038417238 0.002839857277400884 0.0125709463805273 1.1813235885557156 0.0
1316 15.756486396957822 1.1875993569199699 0.0027854799073590685 0.008394683651361328 1.447054600228324 0.0
1317 16.536861495700812 1.3192177241952472 0.002819563316565547 0.011026699969065457 1.2417160202390751 0.0
2318 14.87125216491454 0.9327709999469592 0.002769609793507277 0.007137915140198242 1.7334326626924919 0.7231634182395351
1319 16.94818057928306 1.4045766535872473 0.0028530214477634837 0.013566483478068098 1.1517544428136528 0.0
1320 14.813040940395876 0.9006852378416137 0.002769005703612164 0.007089275195718774 1.764175040600937 0.0
1321 18.246722955299084 1.683769141962659 0.003138726229721065 0.034606589554377516 0.9110059512276002 0.0
2322 15.734080191505555 1.1951638249074352 0.00278486371187144 0.008346428687969245 1.4401189596646002 0.5614960662202796
1323 15.951457816126918 1.2132028662651004 0.0027915201710815535 0.008866075653558288 1.39007833124471 0.0
2324 15.317692458608205 1.0539212818328663 0.0027757509373796015 0.007628299795339105 1.5811279906108548 0.30803858373339543
1325 14.214463612157113 0.7768848172215365 0.002764572216337152 0.0067290213643542394 2.023205716313696 0.0
2326 14.678733092132829 0.8812977593309379 0.002767748555625799 0.006987756233909874 1.8185874763731287 0.5726870956805594
1327 15.054700648649492 0.9700176965993358 0.002771781903164323 0.007312144916848924 1.6724274214351136 0.0
1328 17.27907854102954 1.4330585265892142 0.0028930811123345705 0.016573337921751023 1.0828807587448321 0.0
2329 16.029971082374335 1.2401556143491914 0.002794334990380435 0.009084845178236869 1.3694817004393829 0.27402256006697717
1330 18.576822473917254 1.7611693354221072 0.0033009482175092135 0.04630600838030068 0.8598789331449799 0.0
1331 18.10972270781688 1.6002577177568251 0.003086628547064084 0.030821281236626676 0.9323713828182749 0.0
2332 14.76655299663045 0.9643140517989475 0.002768549800953441 0.00705250763739893 1.7497440409935687 0.9961635763437503
2333 14.821853506647553 0.9564580368518176 0.0027690947364945053 0.007096449437193873 1.7129776894370132 0.8968462380804149
2334 17.743501933778877 1.6897306133719299 0.00297988701562633 0.02300782746263301 0.9720654111283548 0.6789745067986658
1335 18.608059219057438 1.7577762792888287 0.0033195065598537743 0.04763740245649866 0.8550078043856763 0.0
2336 16.596878412414576 1.4238709723694756 0.0028235699669925175 0.011332628388165414 1.1577756780637087 0.8462438322295717
2337 15.701764380318217 1.2781835657041671 0.002784000828495854 0.008278798491834306 1.384940015120283 1.0660865359038785
1338 17.652659492284982 1.5501449477613793 0.0029593227541951077 0.021491384545006504 1.012738626965445 0.0
1339 17.89730666489491 1.5998930064101964 0.003019647697229549 0.025928706262200847 0.9687976422873121 0.0
1340 18.007875192344425 1.6699451549545679 0.0030525959979752857 0.02833938562203337 0.9507285509580704 0.0
2341 16.39375554695079 1.438189479297582 0.002810994566610953 0.010370413677914189 1.1632071083897821 1.0479798306875707
1342 15.914616472310966 1.2154556390804072 0.0027902793554740904 0.008769466079212088 1.4013804888515498 0.0
2343 12.647604391748095 0.7182167294908632 0.0027605892454311293 0.006396223161398229 2.69448122059479 0.43065908626870564
1344 17.92031456948987 1.606934457670079 0.0030261836884204027 0.026407575474273012 0.9648921392123555 0.0
2345 18.12100629072599 1.8235802651512818 0.003090634339176917 0.031112912121247865 0.8537430363552826 0.767439873784817
1346 17.938033010128695 1.5991176591392993 0.003031328860777922 0.02678430830066996 0.9616264635191862 0.0
1347 18.494325201025106 1.6490584510055077 0.003254839684928566 0.042992394325897715 0.8713523288425318 0.0
2348 14.42417051495377 0.8264129772395042 0.0027658124492058967 0.006830490716854132 1.9300910664125301 0.3392493049733897
1349 18.151509888875914 1.6346423232070841 0.00310171083985949 0.031918786722923746 0.9260131279159838 0.0
1350 13.732395455179786 0.7215225673038246 0.002762591437100824 0.006565313782265272 2.2501960625242377 0.0
1351 17.64216370084226 1.5284223226413507 0.0029570741221706547 0.021325304199711105 1.0141901883426248 0.0
1352 18.950643851652842 1.813394202989187 0.0035699444588115354 0.06549535256649965 0.8062551214330786 0.0
1353 17.376601155997914 1.4974479643398597 0.0029078864295531727 0.01767761450947338 1.065389980539956 0.0
1354 16.501305176055805 1.3283852899536774 0.002817309197430186 0.010854331935251225 1.2512634736096795 0.0
1355 17.02399153044249 1.421947027189777 0.0028609789899638844 0.014166290411708178 1.135963898678827 0.0
2356 17.290251603510047 1.5123922713257307 0.0028946993787029238 0.016694202309327652 1.0762804292069812 0.5685049021106195
1357 16.5102563972644 1.3380210603790674 0.0028178685456427266 0.010897121840346077 1.2496232092274329 0.0
2358 12.062589451631771 0.6887798759688146 0.002760167882765684 0.006359630766342374 2.854110912615742 0.1417848923995551
1359 15.6414581770459 1.1535723972801506 0.002782468870423172 0.008158557831785058 1.48045064320291 0.0
1360 17.679642461733696 1.593987935241951 0.002965221904270849 0.02192683433684295 1.0086582064352154 0.0
2361 12.177062149704954 0.8230416976261176 0.002760230833601639 0.006365142248225143 2.8349277771295016 0.1804966628659781
2362 17.558688925180224 1.5849616888475218 0.0029400689840463432 0.0200675380643284 1.0095593227520325 0.48476416535975714
2363 18.75323911390466 1.835158223370043 0.00341446821914927 0.0544312049804798 0.8312012717428221 0.33473865601281977
2364 15.72179024707708 1.29356714950438 0.002784531999728147 0.008320438038036383 1.3502301401544252 1.1286240076649836
1365 16.731886083151696 1.3535107038358307 0.0028335902539179747 0.01209540583189175 1.1977599206119978 0.0
1366 18.810164210298236 1.8397124820890751 0.003455957395761536 0.057390374782034785 0.8264225260460424 0.0
2367 12.250393687955512 1.6494740754842891 0.0027602754445172108 0.006369036841089053 2.8831192679661064 1.8575113432940802
1368 17.622858826792157 1.52202126785246 0.0029530041479846583 0.02102456478441677 1.0177524624664627 0.0
1369 17.24976129370763 1.4681161264695908 0.0028889265316864054 0.016262849599948892 1.0900461896618434 0.0
2370 13.72282301562064 0.7169977019613827 0.002762561607696666 0.006562828149101759 2.251563490542858 0.3627729344732009
1371 18.254654839125063 1.6586057520158977 0.0031419849367285866 0.034842844949859036 0.9093168275102058 0.0
2372 14.833439420294473 1.0184007434655489 0.002769213084265504 0.007105982868646062 1.6791047530628382 1.009842519717366
1373 17.5346793988531 1.4880194701395033 0.0029354549171664622 0.019725692840636133 1.0337498425807345 0.0
2374 17.568618549784837 1.5757018196840757 0.002942012450245654 0.020211449853161916 1.0152627862090675 0.557224129271705
1375 18.61800709715507 1.676609187789404 0.0033255493479301818 0.04807064450582465 0.8526006001947013 0.0
1376 14.918101378254859 0.9287228880265022 0.0027701243035126266 0.00717927552900457 1.7229655240328123 0.0
1377 18.54946959996789 1.6955073822866715 0.00328520329313902 0.045175432163692956 0.8633769151994258 0.0
1378 17.967206086444836 1.5958145675219613 0.003040017613187028 0.02742004450194503 0.9564491350568793 0.0
1379 14.469078963800222 0.8213549303513513 0.002766116541833808 0.006855275527902189 1.9078632343232527 0.0
1380 17.801639981255917 1.5361998248478594 0.0029941462751176973 0.024056935101528634 0.9843271314782133 0.0
1381 17.555718032480552 1.517096605799619 0.0029394915453482243 0.020024770788595297 1.0305440889009438 0.0
1382 14.444331429810324 0.820008192021781 0.002765947145090728 0.00684147322023546 1.9197879660957753 0.0
1383 17.273931435659716 1.4727274704408129 0.002892342164141877 0.016518133797604494 1.0853226757021337 0.0
2384 15.424970368281794 1.1633839162305664 0.0027777225182375625 0.007784479040484528 1.4735841803739127 0.751317601495975
2385 17.074072339218187 1.490289335820686 0.0028666043965640937 0.014589493613554157 1.0899838213034707 0.7715928997077115
1386 16.087401275669997 1.2469056708301998 0.0027965503636026693 0.009256666906072065 1.354346955865983 0.0
2387 14.17412044372244 0.778183834267932 0.0027643641667675243 0.006711932243730374 2.0378200702264 0.4121640991305612
1388 16.15726349369838 1.2728356956625828 0.002799437148681917 0.009480123437657924 1.336866872249897 0.0
1389 16.59168485215345 1.3349012130947446 0.002823212903100116 0.011305387444201401 1.2295723327983767 0.0
1390 15.407479686803308 1.0907375740274443 0.0027773852951088105 0.007757801898630928 1.553630022709526 0.0
1391 16.63750860529937 1.3536883822082824 0.002826433505800499 0.011550937128554248 1.219814774280893 0.0
1392 17.495505179947113 1.5138411831884906 0.002928178574155814 0.01918608292625621 1.0420264051867747 0.0
1393 16.12275612350567 1.2497685932043319 0.002797984060753444 0.009367704729639506 1.344548699924032 0.0
2394 16.39027926203577 1.4166302882087967 0.002810802438470106 0.010355664401808165 1.1618026037842306 1.0499783519413601
2395 17.63661495872854 1.5724424901409857 0.002955895605071398 0.021238239309547394 0.994287108728049 0.5857596653209303
1396 14.374763429855967 0.7961104857104184 0.0027654944893213055 0.006804538057559315 1.9489156167210142 0.0
2397 17.652908777894183 1.5923819001258128 0.002959376471756723 0.021495351382949997 0.9973328370928075 0.5457229285464067
1398 18.375164441292522 1.6331367934001195 0.0031950852103798818 0.03868484766626316 0.8895668236224207 0.0
2399 16.237733487977565 1.2937110607699398 0.0028030435275387573 0.009758635096898838 1.307776878819793 0.5550204029966718
1400 18.540191137291437 1.6908673612154699 0.003279967110263453 0.04479923140549636 0.8647571116274064 0.0
1401 16.299995492343154 1.290860818578646 0.0028060569235666168 0.00999084323471558 1.3002115643052556 0.0
2402 15.15584360863145 1.004855850841165 0.0027731766850551736 0.007423541719062724 1.6369472142649562 0.03193899604426625
1403 17.658431403174678 1.5588590678411394 0.00296057023444069 0.021583498387195102 1.01185137839839 0.0
2404 18.33094777170766 1.7474770666653874 0.0031747954832313345 0.037218482510574795 0.8884717694451282 0.4405139346368749
1405 14.697445264614135 0.8704348137838408 0.002767912972196058 0.007001057709904257 1.8104289093408177 0.0
2406 13.1444806918884 0.729375438616184 0.002761227934771481 0.00645078711830732 2.465272399303046 1.2977044882952102
2407 14.05235371311264 0.8972282876261222 0.0027637884461977017 0.006664526343895108 1.8644361766885906 1.65308638381633
2408 17.773711250727228 1.6294499932515527 0.002987184616119949 0.023544973942896723 0.9841152649761215 0.5399243246831887
1409 18.02808480587201 1.587000340706787 0.0030590549115683775 0.02881102048834338 0.9456985404936732 0.0
2410 15.882858250642487 1.313724802308282 0.0027892486283751876 0.008689129102538764 1.3320669678539638 1.040962113055013
2411 15.754896195369843 1.2618038164969756 0.002785435682111872 0.008391221426878773 1.3836365973397255 1.0108078429199858
1412 18.260456987596868 1.6972210264459897 0.0031443863996378726 0.03501691359681209 0.9089307308979385 0.0
1413 14.362776689851204 0.7966470010434014 0.0027654198706392598 0.006798441704227021 1.954815983114365 0.0
2414 17.959595622779 1.647386658094179 0.0030377245132503085 0.02725231890799662 0.8954472115068828 0.5686214061015367
1415 12.097375608451632 1.814825469470463 0.0027601861966354605 0.006361236204736361 2.9801191586537272 0.0
1416 12.162147885722968 0.8235261123390503 0.002760222184672699 0.006364386148436624 2.8403441978928217 0.0
1417 15.039079899335816 0.9637280044979809 0.0027715797421382954 0.007295969479669284 1.6779157456047307 0.0
1418 18.913979041313073 1.816301050343626 0.0035385079727542007 0.06326353730918258 0.8114775217733406 0.0
1419 18.102391689390984 1.6190799163521983 0.0030840519788417438 0.030633647363183136 0.9338999161258666 0.0
1420 17.096826248480358 1.4038530692174664 0.0028692624647481905 0.014789238993422308 1.1197145470454686 0.0
1421 17.79932690822977 1.5646655203677708 0.0029935617033686754 0.02401396248313855 0.9853692386325968 0.0
2422 15.85904130962261 1.2095768007335748 0.0027884984929675617 0.008630611922340173 1.4172473609768437 0.008556822055823476
1423 18.004422404021927 1.6133591976359687 0.0030515065222222466 0.028259802200789844 0.9502670840446749 0.0
1424 14.66096408986372 0.8588399250696396 0.0027675954701446752 0.006975364499384408 1.8255701576969923 0.0
1425 14.929358693771752 0.9353811278762353 0.0027702518594121474 0.007189520375574884 1.7191531349907268 0.0
