# Binary systems ID's begin with a '2'
ID Gmag (G_BPmag-G_RPmag) e_Gmag e_(G_BPmag-G_RPmag) M_ini1 M_ini2
20 18.079989106593935 1.8412639855587762 0.0030763034984417448 0.030069120884155906 0.7964691418731858 0.7057221402809793
11 15.727677072184465 1.1792245016932743 0.002784690339313674 0.00833284565001865 1.326616879607231 0.0
12 18.667455759920625 1.804064632085643 0.003356568578302686 0.05029254458811792 0.780258121696835 0.0
13 15.991760091651413 1.23255466440023 0.002792935268278501 0.008976123948884527 1.2618813559408188 0.0
24 14.856844382913122 1.0057747276884348 0.002769456723309205 0.00712559847400074 1.5571239275564532 0.7116290061770536
15 18.050689300803796 1.6274199437773078 0.003066448108947851 0.029350521767582342 0.8672398163306771 0.0
16 17.180899570692592 1.4628374732401637 0.0028796698654396428 0.015570023535441145 1.0140652252004139 0.0
27 14.715445161431315 0.92099550824437 0.0027680742945817394 0.0070141014929943615 1.6273352573326707 0.13027463678935178
28 18.359124477500302 1.8303917507686718 0.0031876127910207643 0.03814503773859482 0.8069685967770966 0.5107930990651873
19 16.861921242179307 1.3804640661333154 0.0028447247322153503 0.01293955232352528 1.0742919803902817 0.0
110 13.324846902725403 0.686113297048974 0.0027615586151440575 0.00647876090309323 2.1811007067241768 0.0
111 17.21487401879272 1.4452076820971234 0.0028841508904955035 0.01590559451023967 1.0068248550616223 0.0
212 15.73749358771127 1.178479781122572 0.0027849566246465414 0.00835370692876419 1.3229034877401245 0.08693554621410374
113 18.14545099505555 1.6287415417966533 0.003099481610038324 0.03175665894604823 0.8523337899424106 0.0
114 17.221320188088104 1.4435433525758048 0.002885019803196957 0.015970624599143238 1.0055163604307649 0.0
115 17.092833002215 1.4390440825080657 0.0028687912462395794 0.014753838592388229 1.0303820768361762 0.0
216 15.197921768094202 1.069401092138285 0.0027738033194529554 0.007473479992243152 1.471858227824444 0.4908494383775405
217 18.3558770878683 1.8518753930557212 0.003186115635589329 0.03803685058074942 0.7733463793645027 0.47534423072879983
118 18.112079528738466 1.6300370617585278 0.0030874612178641856 0.030881909935163702 0.8576050124066293 0.0
219 16.8954209514635 1.419939342522562 0.002847855445294569 0.013176317050042623 1.0541761041365147 0.4364041681545237
220 16.946272599545427 1.3966002097983998 0.0028528294546792624 0.013551994280886338 1.0555468089532005 0.28946524976411625
121 18.860656024740134 1.854490892412558 0.0034949526323094548 0.060167078706712736 0.7551259676533132 0.0
122 18.764477447762822 1.7764943283378412 0.003422458466708476 0.05500150622998555 0.7671485697685427 0.0
223 15.962322348427723 1.2370888897308254 0.0027918956080155927 0.00889528572120058 1.2668074312690112 0.39881804009422733
224 14.62841068055839 0.9098791873835355 0.0027673225160475233 0.0069532527480731954 1.644648501559303 0.2423909508560793
225 12.68825802977548 0.7070002309597632 0.0027606296159552366 0.006399698673363289 2.4115209743511445 0.08885713761824321
126 17.818049435274965 1.6089992341225023 0.00299833552207906 0.024364803080237682 0.9033025470514089 0.0
227 16.004030435224593 1.2344642221213753 0.0027933784718213524 0.009010562959979346 1.2578775220290614 0.12011162794074559
228 15.73278418992977 1.1947984974498471 0.0027848285242135767 0.008343672093796793 1.3243384100141693 0.2230803630747491
129 15.482299671775827 1.143372526329585 0.002778873543458643 0.007875429149904967 1.392753594158716 0.0
130 17.0333719893401 1.4132728093787843 0.0028620096541193685 0.01424387707403435 1.041006349849208 0.0
231 13.692436646856004 0.771164272349885 0.0027624689346205317 0.006555101128022527 1.8912046339308608 1.0361507749042844
232 16.901881560846487 1.4229281842548838 0.0028484723498737427 0.013222942812896264 1.0543188223778894 0.4211048391035887
133 13.442356546816928 0.6950890225339372 0.0027618113948016105 0.006500047997013726 2.1344529100175946 0.0
234 14.516272137904771 0.9657592336488936 0.002766452392560257 0.006882609971756681 1.6410387287671941 1.1042393198860467
135 16.107218887028772 1.2671205594829953 0.0027973472573140238 0.009318400103320837 1.2360409344123464 0.0
136 18.092280896175687 1.658147383943501 0.003080531709103773 0.030377221369333227 0.8611727194010393 0.0
237 18.342759705797324 1.8785487619717582 0.0031801212064039622 0.03760357338582696 0.809922433623872 0.5341583173288077
238 12.490268751036801 0.6708506767209198 0.0027604486800565254 0.006384085680257778 2.24753196864679 2.026517454249584
139 15.278480745158383 1.0862008837118484 0.002775085390229815 0.007575457902418832 1.4497218721983602 0.0
140 17.970347161855216 1.583737977459533 0.00304096955177999 0.027489661211740728 0.8791772244822758 0.0
141 16.438953998177947 1.2914007442075446 0.002813559341956531 0.010567157612723817 1.1601598260409418 0.0
142 14.898627617723266 0.9699941272372585 0.002769907274018341 0.007161836241162254 1.565730584206984 0.0
143 14.496005381443585 0.8487868436534932 0.0027663060658828166 0.006870705512774479 1.7050743099051913 0.0
244 14.619618287911019 0.8904457111410424 0.002767250423603154 0.006947408875258863 1.6573380013975392 0.5786184623867694
145 16.342054313026864 1.2833771201232966 0.002808210172761292 0.01015650444582792 1.1817678390876356 0.0
246 18.74000523955504 1.9903536110838291 0.0034051825958141546 0.053768197173491454 0.7316070738726042 0.6159013898579981
147 16.039405713976198 1.2471414590652532 0.0027946895716119903 0.009112366639181546 1.2508792483842621 0.0
148 14.520640337965766 0.8619969752402085 0.0027664843525733347 0.006885209107292277 1.6970736186334692 0.0
149 17.96805846723993 1.582874799642067 0.0030402756179115295 0.027438913442873157 0.8795232480188782 0.0
150 17.922595287731077 1.553447672383498 0.0030268404709486788 0.0264556769792349 0.8861716994063727 0.0
251 13.493143182866731 0.7962676238322333 0.002761930965050135 0.006510091517147756 1.884625646149773 1.6726563535856183
152 17.103124146141703 1.4383822720482966 0.002870009780551367 0.014845372374684458 1.0283465388752986 0.0
253 15.759685611392525 1.2494526174127067 0.002785569111299999 0.008401666569943 1.2815785182057684 0.8715666552252496
154 18.25922698216832 1.6561599965283655 0.0031438760533992758 0.034979924044876896 0.8360268367115546 0.0
155 12.67399984314752 0.7101681276056997 0.0027606152549538394 0.006398462827125648 2.4164464901768983 0.0
256 18.5496647864085 2.0319239159347413 0.0032853140082361072 0.045183385484390624 0.7259608779865486 0.6882908735745675
257 14.071078585492907 0.7609357550922585 0.0027638721312910706 0.00667142833726926 1.8711124910561674 0.1599497143450639
258 14.689685711227092 0.9095785447568953 0.0027678443888246506 0.006995510172652367 1.6361415495620368 0.047406897964259224
159 18.477331990741437 1.7720037127889439 0.0032458413260982237 0.04234472019157712 0.8057299336860372 0.0
260 16.212479115613842 1.39849794148282 0.002801877815742427 0.009668685104554441 1.0745205053884948 1.0205563880341206
261 18.592495822348607 1.9936334349122935 0.003310181845802714 0.04696859811387804 0.7152811569368257 0.6840243569360058
262 18.69575818466618 1.9233193686262624 0.003375082017905718 0.05161707810689204 0.7487578988018535 0.4664739687206783
263 17.53419549132993 1.5575852126149126 0.00293536314515129 0.019718891096775493 0.9430729993884551 0.43829986671307875
164 17.732415170814797 1.5593655708502898 0.0029772679330356757 0.022814924559402018 0.9169911797612852 0.0
165 16.663188007793924 1.3539364270346337 0.0028283091845120734 0.01169378853589162 1.1141688976045814 0.0
166 18.14727692974289 1.660146837678226 0.0031001518865586674 0.0318054101020854 0.8525290600665106 0.0
267 13.444580359964638 0.7283021701889661 0.002761816494407215 0.0065004766708832715 2.0292312639369277 0.9365937794351953
168 16.195018973750788 1.2478034376868685 0.0028010902535899433 0.009607874316003816 1.2136266811805092 0.0
169 16.791723492122834 1.3820982559439374 0.0028385202833414763 0.012469587392755384 1.0888493835528315 0.0
270 18.343209661054217 1.8184009609664145 0.003180325426111281 0.03761833726584951 0.8074018375174012 0.5350672128831868
271 17.520244374879496 1.6959761184527844 0.0029327378509474197 0.019524272550327258 0.8682848537709873 0.758016679686837
172 13.525834611276226 0.6991129709177123 0.0027620114731483365 0.006516845287524002 2.0996571582596957 0.0
173 18.151387929552797 1.6815155692940151 0.003101665823838204 0.03191551308941437 0.8522082332422627 0.0
274 18.567425587696473 1.9433329915429254 0.003295486668699403 0.045913945373291604 0.7250017753977037 0.6829317460085429
275 17.914751262981223 1.752181621936488 0.0030245883781210643 0.026290723882202875 0.8209742572251998 0.7053905789919046
176 17.824412974970766 1.5590196732230368 0.0029999801695459595 0.024485626035803225 0.901544225425693 0.0
277 16.426200021414047 1.4080063968803322 0.0028128229052656988 0.01051069345685652 1.0611443114621304 0.9073457744810319
178 17.242230348986023 1.4543543580049476 0.0028878803651081423 0.016184620897318515 1.0018427134487804 0.0
179 17.541490374574366 1.538113213878946 0.0029367517016930856 0.019821794086513283 0.9495934410071516 0.0
280 13.93335020105153 0.7530976421786478 0.0027632943605715417 0.006623691327081896 1.9269861380785116 0.3456401230212579
181 17.402733967653823 1.4781668676581983 0.0029121257106174206 0.017993214092209095 0.9731407168073937 0.0
182 15.241385504800334 1.0568836955737777 0.002774481170945698 0.007527428821460683 1.4584624338064935 0.0
183 18.50535910908426 1.6858547108771131 0.003260771425109718 0.043419158797071956 0.8007562995163073 0.0
284 17.732742580579302 1.6638883877596071 0.002977344830482507 0.02282058921540473 0.8666149064385342 0.5005357710299537
185 16.766363747426702 1.3626180622014006 0.002836391949046439 0.012308134519516681 1.0931687360832545 0.0
286 17.12494756313853 1.4740080895269239 0.0028726390252081994 0.015042778026766554 1.0158903428411539 0.5109800628715414
187 18.052261694405107 1.6009252471924997 0.003066969128608035 0.02938852786839761 0.866554771876892 0.0
188 18.102507362264596 1.6877250553459964 0.003084092475272476 0.030636596769657784 0.8600276180473292 0.0
189 13.892651971888744 0.7381785775236365 0.0027631394336518245 0.00661085503718028 1.9473123667482937 0.0
190 16.312210892748944 1.2797301246745982 0.0028066722657662945 0.010038206823632947 1.1883618983943856 0.0
291 15.95483732463588 1.3564820452807655 0.0027916364826934695 0.008875126074766012 1.115206195144169 1.0976677493283267
192 18.283303997107588 1.6180515794903483 0.0031539901504926996 0.035712728156907694 0.8320508875633402 0.0
193 18.533900254905635 1.740578787562203 0.003276446641038511 0.04454623781495219 0.797391115758173 0.0
194 17.58621525385773 1.498023032854673 0.0029455081246917186 0.020470191387497665 0.9408167573695044 0.0
195 13.491154032789 0.6914936984681217 0.002761926157508236 0.006509687999219337 2.113140342886514 0.0
296 15.01823379914237 1.0327906236899813 0.002771315210221957 0.007274791713107595 1.5271676054326668 0.49317028036369115
197 13.779759657436289 0.7161466740638316 0.002762743653390729 0.006577986522348708 1.9927133329228617 0.0
198 18.811462598789596 1.835092308872901 0.003456933761708348 0.057459951256814246 0.7614411878348333 0.0
199 15.712231402908214 1.1793602856284546 0.0027842770261856413 0.00830045336833282 1.3308282193844696 0.0
2100 14.320334937439458 0.8529765171789639 0.002765163292923221 0.006777461810899407 1.753559298759574 0.6000724582718976
1101 18.088720875180226 1.6742527190256085 0.00307930133407282 0.030287578637451615 0.8619928711339169 0.0
1102 16.878923640494715 1.3930678579465976 0.0028462995436653563 0.013058680237546003 1.0713619470502878 0.0
1103 16.677872146659507 1.3606250779748448 0.002829405340137807 0.011777219846293716 1.1113058027332636 0.0
2104 17.65245332222098 1.5487048249295794 0.002959278338348181 0.02148810458038289 0.9266778515746174 0.3742358663062766
1105 18.567619329485183 1.755824410014424 0.0032955987147252133 0.045921989855843594 0.793065090464641 0.0
1106 14.832698995390846 0.9510943278342452 0.002769205476629387 0.0071053701422720125 1.5877517874967724 0.0
1107 16.849359473899455 1.3690144845469567 0.00284357964711475 0.012852891966871186 1.0763550421851593 0.0
2108 14.5750522724769 0.8844863534386441 0.0027668953472913876 0.006918602604367846 1.678187151903348 0.2350849279351317
2109 12.39802216496629 0.7481680733116115 0.002760376707416218 0.006377846825702316 2.5011627544652213 0.2042897167865945
1110 17.71680934061775 1.562090916266099 0.0029736339892464437 0.022547164361220257 0.9197572310676926 0.0
1111 16.665779234857617 1.3598978447783359 0.0028285013567822988 0.011708418007273007 1.1139165041130779 0.0
1112 12.752509517896494 0.6956283625501029 0.0027606971442502913 0.006405502790441607 2.390194438005436 0.0
1113 18.901683481152162 1.8182764686498734 0.0035282412123682576 0.06253410282212853 0.7495692311739561 0.0
1114 13.351975200823404 0.6869024832226667 0.0027616141587391446 0.006483445020287984 2.170312495016871 0.0
1115 18.832624324581726 1.9285220693687684 0.0034730414115316157 0.0586073948496063 0.7593859659720864 0.0
1116 17.410474815448467 1.4897446988377254 0.002913404561954423 0.01808837062938956 0.9720702943992878 0.0
1117 15.512165654620686 1.1237326647969954 0.0027795019916800764 0.007925020735373418 1.3820285618475696 0.0
1118 18.209878397242285 1.7080046022312834 0.0031239495842867756 0.033534552039479616 0.8438844047562613 0.0
2119 14.073620419365353 0.7857393216836168 0.0027638836221684 0.006672375747134024 1.863232323252311 0.7724629646956045
1120 18.797830603995692 1.8305509709705086 0.0034467506438669374 0.05673415825834644 0.7631975433578903 0.0
2121 13.921340711477246 0.8243018102531051 0.0027632479339039996 0.006619846381431499 1.8669750383432366 0.9370284746972615
2122 14.35467102076577 0.8262119423658406 0.0027653699563512757 0.006794362440275789 1.7597033098770047 0.1232009204622308
2123 18.333285963402396 1.7990853514987566 0.003175844336185798 0.03729433375637102 0.8097245778550929 0.5398079484668272
2124 14.927782134714349 0.9739841790627138 0.002770233902067934 0.0071880783184438204 1.554031381320756 0.43690808593844166
1125 14.451385645661045 0.8485857513588292 0.0027659949710208695 0.006845371104908208 1.723794173833066 0.0
1126 17.201186270711194 1.471956498969068 0.0028823257724750117 0.015768959013887834 1.0104326303710696 0.0
2127 12.08895737308635 1.6840338660339735 0.0027601817014224136 0.006360842302057737 2.677094398992246 1.478937392091636
1128 16.898998380416064 1.381216564179738 0.002848196511915632 0.013202096074465926 1.0667075676123994 0.0
1129 17.347974449827277 1.484721124445677 0.002903377775086783 0.0173416781883671 0.9833347970198151 0.0
1130 18.97982263613604 1.9777488436682338 0.0035958666905877455 0.06733382525959457 0.7421978989965716 0.0
2131 18.05270813391313 1.8045791096735715 0.0030671172195678325 0.029399330119372777 0.7861039849565431 0.7368422955444439
2132 17.155950906858198 1.5128448842265225 0.002876482352989387 0.015331103085396543 1.0114158421944748 0.5375982869513831
1133 18.120261734760707 1.6546201396383668 0.003090368507964082 0.031093562128880918 0.8567021210685025 0.0
1134 17.987575504274595 1.5906843045078605 0.0030462485785941913 0.02787560313579098 0.8765797475669824 0.0
1135 16.943781812786245 1.4029013676953341 0.0028525794100449477 0.013533122813487276 1.0584629095904727 0.0
2136 14.129986206389097 0.9162550349749875 0.0027641467058752505 0.006694046860604017 1.6866385693795958 1.3645695727773928
2137 14.353100161273687 0.8361648127477412 0.002765360333489706 0.006793575891047667 1.7615402020390862 0.2548478880662908
1138 15.518399047016512 1.1504955176570262 0.002779635731084174 0.007935568432043568 1.3829465344165548 0.0
1139 13.735963810169347 0.7184033002930416 0.002762602635810785 0.006566246763107015 2.0120133325085963 0.0
1140 18.77181350908037 1.8635405762372685 0.003427726794694104 0.05537742399036021 0.766891782880815 0.0
1141 15.84558374313574 1.1960343117077066 0.0027880830834256004 0.008598187685831423 1.2963344968750226 0.0
1142 18.245262420797076 1.684479766394626 0.0031381292242475506 0.03456330055213101 0.8384240971108607 0.0
1143 14.35157557818229 0.8261301373840771 0.002765351009698295 0.006792813750781718 1.7615631908558043 0.0
2144 13.312557043576428 0.7450567589603179 0.00276153398267081 0.006476682327070812 2.0573289540864956 1.291308506587925
1145 16.81785925797831 1.3703581034499694 0.0028407755581480627 0.012640534284402368 1.0829038722245763 0.0
2146 15.183533460679632 1.1486442193563575 0.0027735858373065326 0.007456155532502703 1.4141111076295165 0.893134828363008
2147 18.75430771953485 1.9684842182403788 0.0034152238153395678 0.05448514386499844 0.7468973926706844 0.5574125179687185
2148 14.352275473656148 0.8198542280915869 0.002765355288097685 0.006793163477808251 1.7596404218112576 0.11869383870479217
2149 16.487392607317688 1.4505446608646408 0.0028164504778869547 0.010788617151760986 1.0706154903564242 0.9063130181554199
1150 15.06060530297271 1.0324590639914775 0.0027718592122094117 0.007318328572476012 1.5165742546594574 0.0
1151 18.850039734736768 1.8542910541172348 0.0034865762367422195 0.05957098904473889 0.7565192516618258 0.0
2152 15.212573023486833 1.060785165551585 0.00277402827389902 0.007491391683235618 1.465881721407618 0.24277038999953832
1153 16.433170534562368 1.2926988487342514 0.00281322413835042 0.010541459592126679 1.1615564103253304 0.0
1154 15.286535770098133 1.086105090788251 0.0027752198204811195 0.007586136310570069 1.4471114753102552 0.0
2155 14.980529785584773 1.0220199579161982 0.0027708516139806263 0.007237643997710165 1.5379346096219138 0.6063598932862349
2156 17.514414412931156 1.6967149567435633 0.0029316524367974215 0.019443783998700143 0.8710126784860581 0.7949837807757517
1157 15.421783938407236 1.1205752477823243 0.002777660608197986 0.007779582517690543 1.4086376026135 0.0
2158 15.500890870840449 1.1743150391435577 0.0027792623613405324 0.00790611659406789 1.3663248669736925 0.713091903224368
2159 15.733016783555954 1.2123015663152872 0.002784834835725211 0.008344166544465993 1.3155604778679877 0.6636685217776317
1160 18.84328471004976 1.7690713566609724 0.0034812961773233 0.05919514351031517 0.7567484927175412 0.0
1161 17.32257094636441 1.4719532560699644 0.002899491772735953 0.01705189421600948 0.9875863498737905 0.0
1162 15.369741161508735 1.1089290718123452 0.00277667901713245 0.007701882127669993 1.4236177058122148 0.0
2163 14.499515205892584 0.8666889476414146 0.0027663311783350754 0.006872749074384178 1.7029709840113616 0.29384774795346846
1164 15.358765324684596 1.1007745527084727 0.002776478946079152 0.007686029506384493 1.4261329592676484 0.0
2165 16.92760401253305 1.5076419413364677 0.0028509716149592024 0.013411743887835142 0.9771535681306776 0.8102415725097403
1166 16.93597262543645 1.4197518141598457 0.002851799805975181 0.013474274909398815 1.060796368966647 0.0
1167 16.79653750914713 1.3844685993199313 0.002838930923112791 0.01250072362269709 1.0879651777011388 0.0
2168 18.82400548497938 2.043331858783328 0.003466436582826452 0.05813698398663429 0.7130005918559364 0.6032148826784862
1169 17.936559156226462 1.593113252361497 0.0030308971137497608 0.026752703380417867 0.8846814365088894 0.0
2170 16.080975536895682 1.2366139735036987 0.0027962956134874647 0.009236924114428868 1.2358741686004566 0.23550387256926086
1171 16.525253860430695 1.3078779884631464 0.0028188179110594236 0.01096972111033577 1.141828414144081 0.0
2172 16.22991370013145 1.4032428792289358 0.0028026791736764597 0.009730527903378305 1.0735847007899229 1.0261382083306734
1173 14.90823069687839 0.9700155482770991 0.0027700137275589952 0.007170391564044718 1.562114046757377 0.0
2174 14.419075104266868 0.8668754314634679 0.002765778868005085 0.006827751587889001 1.7236341564701871 0.7282249656305371
1175 13.849422218551197 0.741741619980489 0.002762982155157681 0.006597807077158094 1.966923920978748 0.0
1176 16.30011406133707 1.2679976950726393 0.0028060628574906586 0.009991300060813724 1.190378417823992 0.0
1177 18.51287764128355 1.7801127432637993 0.0032648539832411667 0.04371279838367728 0.8006918333574535 0.0
1178 17.39881309676091 1.47483107712483 0.002911482015656123 0.01794530955313167 0.9737566377747977 0.0
2179 16.389196241930236 1.3664810530980223 0.0028107427289759505 0.010351080306901777 1.1269358345431095 0.7881112460742907
1180 15.888237840815501 1.1985305585258086 0.002789420749428592 0.008702550051844476 1.285616311030767 0.0
1181 15.372824658995007 1.1077790013765403 0.0027767356518587773 0.007706368608374949 1.4225219374839435 0.0
2182 16.670136869895234 1.3781800006124858 0.0028288257448644935 0.011733110011854907 1.0985513707381553 0.5819343364602387
2183 18.878808072625386 2.089893306356608 0.0035094990722364067 0.06120178862438385 0.7416624200672621 0.49271421164564116
1184 18.70173444287924 1.749784901586055 0.0033790640999623043 0.05190182425947978 0.7752321743047236 0.0
1185 12.948612146501953 0.6890235759182832 0.0027609347328331982 0.006425840186086723 2.323652079779049 0.0
2186 18.637609293586326 2.0225410491644613 0.003337648166963383 0.04893768303236258 0.72920089464151 0.6593821881335801
2187 18.03976900333556 1.6904349869871504 0.0030628539109267597 0.029088290450319416 0.8443470519391459 0.3353617786157242
1188 17.055588234988246 1.4591073445169143 0.002864492657281618 0.014430702304368104 1.0384440167818925 0.0
2189 15.353334197700152 1.2163411735022591 0.00277638081884928 0.007678252434350917 1.360088471468695 1.0343060030083524
2190 17.63777148827255 1.6113651986461373 0.0029561406626309027 0.021256344565166757 0.9220995669501638 0.5410011001874052
1191 18.11378184839715 1.5592501212720056 0.0030880639704809654 0.030925795014787635 0.8562213690059647 0.0
1192 17.71306021750707 1.5287165691976128 0.002972770055998671 0.02248348808973625 0.9196424333838241 0.0
2193 15.940619140980052 1.2850767309634683 0.002791149988646197 0.008837264780369104 1.2490312157465122 0.7942382831819061
1194 18.196892616531315 1.6774894840300134 0.0031188800586330256 0.0331664774096052 0.8453594733843329 0.0
1195 14.120201908967934 0.7644682053920312 0.002764099882807838 0.006690192614172781 1.850884407172151 0.0
2196 15.97819339672283 1.338341563811977 0.0027924520246615046 0.008938558705569581 1.16154741597513 0.9936586506104659
1197 15.991731204838826 1.2404580754200571 0.0027929342317994784 0.008976043394285416 1.2625174964416712 0.0
1198 18.059254477240287 1.6367254591183744 0.003069296958218779 0.029558310435709785 0.8660405056870599 0.0
2199 13.983843187366256 0.7634714234260449 0.002763496277497613 0.006640397418804235 1.9103982062226323 0.04481561403458374
1200 14.388944464592967 0.8397925751349168 0.0027655840233795055 0.006811850052404296 1.7487166568996924 0.0
1201 12.929000779206753 0.6873087501252608 0.002760908646673437 0.006423613056440794 2.3303840814040853 0.0
1202 13.775798462279685 0.7110294556713121 0.0027627306228610285 0.006576902385663703 1.9935077475996181 0.0
1203 18.672227676057634 1.742196268977338 0.0033596505261463696 0.05051312111916225 0.7790766799043111 0.0
2204 14.350612138074125 0.8137931507834648 0.0027653451255575455 0.006792332754144627 1.7593775446304998 0.09985387389169587
2205 12.692762129576234 0.7028236913838691 0.002760634198657953 0.0064000929274717466 2.4072164764864294 0.6801856740402061
1206 16.571905300843813 1.3371731067170116 0.0028218712130375443 0.011202988639708809 1.1332582847138555 0.0
1207 11.745411757136411 1.7773972689254387 0.0027600291166729463 0.006347403439312775 2.7776228899008433 0.0
1208 17.1903676303429 1.4391556086555277 0.002880902176135941 0.01566234278693 1.0113702678810095 0.0
2209 15.617686435156903 1.1614586318169748 0.0027818918691873296 0.008113211020507369 1.3537514885995579 0.37446661716006246
2210 15.180845821405967 1.0487683776456924 0.0027735455861122964 0.0074529483090709624 1.4774295116080822 0.14549406685923852
1211 17.875277688144948 1.6117557918279486 0.0030135400633817806 0.025480911006971474 0.8947368522024639 0.0
1212 17.619459326785602 1.5395224747729885 0.00295229618403163 0.020972233426446312 0.9360970962964679 0.0
1213 16.990260363393183 1.383175767791678 0.00285735786935182 0.013893518428391202 1.0482331131829794 0.0
2214 13.424576194472886 0.6825953411988184 0.002761771058408129 0.0064966562706529766 2.1394707462364124 0.022900340922281763
2215 18.764373365311094 1.986483994333381 0.003422384020502784 0.054996193565436925 0.7493777437830004 0.44049543852786965
1216 16.71563687677954 1.3568199500729472 0.002832305537094415 0.011997782707308322 1.1029183818947919 0.0
1217 17.962198976041755 1.6291470266869672 0.0030385068080271992 0.027309543184457233 0.8812625483040744 0.0
2218 17.47954737956206 1.6230734162854914 0.0029253015852305888 0.018972545052330925 0.9400426662552476 0.6398756397901254
1219 16.091876273692808 1.2559000522017423 0.002796728822582809 0.009270494918293974 1.2389105364325337 0.0
2220 11.88708184214439 1.7088476407060096 0.0027600852772636493 0.006352366481603399 2.7377413323777717 1.208359054711746
2221 18.37360897390335 1.882426990364677 0.0031943548991782613 0.03863210147640743 0.7463124699538343 0.6943592316090389
2222 15.444980053391669 1.2044690200349355 0.0027781161964782137 0.007815604274582562 1.3636100266638154 0.9116448160463346
1223 17.924193743703782 1.5809749700739786 0.003027301745714349 0.02648945785065463 0.8864182518195329 0.0
2224 13.558774052353973 0.6974212459517322 0.0027620955165100197 0.006523888511578575 2.0848725556308105 0.05038704457522888
2225 13.535199420197666 0.7028670914544483 0.0027620350638123603 0.00651882301745656 2.089321740300196 0.4421693151940486
2226 17.886015682721446 1.6095337979357105 0.0030164990834393997 0.0256978963005762 0.8870109364640029 0.10434413069132287
2227 14.050495820811637 0.7839243639977683 0.0027637802347694473 0.006663848884760451 1.8610088618086524 0.5668072013805253
2228 15.943888153539856 1.2947565352040062 0.0027912611822814917 0.00884591986376332 1.2339191878262645 0.7354437869995896
1229 15.215108705810422 1.0669538922547084 0.002774067568972719 0.007494519674274176 1.468510572482 0.0
2230 15.397647604089338 1.203790107078509 0.0027771985073533826 0.007743019217952524 1.3355822888024467 0.8625027207968741
1231 15.38845813618689 1.127055924317092 0.00277702571078303 0.007729339817996271 1.4197953306314595 0.0
1232 16.85071750929757 1.3713774058035144 0.0028437026935665736 0.012862205765912575 1.076183460637382 0.0
2233 18.668128460655282 1.9673096430229626 0.0033570020824195803 0.05032357265119046 0.7233673291447024 0.6579603583271708
2234 12.691680764396063 0.7270483398890528 0.002760633096388412 0.006399998103204023 2.4033951742749635 1.0036432182513937
2235 16.645953401839698 1.3713455396012453 0.002827044604341258 0.01159749072071235 1.0989277356067915 0.6240980125001535
2236 17.024609906488745 1.5270489052791676 0.0028610466123400523 0.014171381597966794 0.9873088871166701 0.774193295612943
1237 15.193820040043061 1.054563041687374 0.0027737409764802025 0.007468514582680348 1.4740994906874652 0.0
1238 17.49216462358054 1.5113188515576266 0.0029275722068222744 0.019141085415678452 0.9577966800937264 0.0
1239 14.42978770966732 0.8331589161120038 0.0027658496838509736 0.006833527346848428 1.7302569746816296 0.0
1240 13.908779094634586 0.7465415041260535 0.0027632000124116966 0.006615876137215751 1.9416235636831025 0.0
1241 17.30653747142096 1.4845098076156058 0.0028970933938400768 0.016872929884487076 0.9909132140606285 0.0
1242 18.63535972323019 1.8506959667764185 0.0033362466557600697 0.04883727314749452 0.7849461956882405 0.0
2243 16.386989916782834 1.3441188985083792 0.00281062130468431 0.010341757691553176 1.1490961316784385 0.6870376816114633
2244 17.55105657797356 1.6794826310569966 0.002938589243321553 0.019957935069334718 0.8732087684305367 0.7763933093394558
1245 18.76349763289515 1.7632238685876847 0.003421757973605416 0.05495151664378398 0.7671685844689584 0.0
1246 15.798469435764703 1.1942015168658762 0.0027866753832695313 0.008488209680314487 1.3087403913860907 0.0
1247 16.6171303595415 1.3284729690200077 0.0028249815908878706 0.01144028103473737 1.1228869155897265 0.0
1248 14.32945484117951 0.8163758685844946 0.002765217439424209 0.006781891563441184 1.769385360679709 0.0
1249 16.57264397499733 1.3423556971323773 0.0028219208057699862 0.011206774707928434 1.1333819522634327 0.0
2250 17.116665385511475 1.5021618568965376 0.0028716339056908337 0.014967328542517254 1.0142600446068502 0.5958250230181514
1251 16.169045438591287 1.2582977111002116 0.0027999458034944883 0.009519447805043978 1.2205784920481564 0.0
1252 18.457812605076217 1.7147404547083007 0.0032357069057284745 0.0416148660664587 0.807935030481976 0.0
2253 17.828648025784204 1.7443585869356864 0.0030010809889761 0.02456648383509063 0.8216900710719015 0.7480569089342254
1254 18.59041981785634 1.7634076137440826 0.003308949818139503 0.04688020830636566 0.7901126308246006 0.0
2255 17.33268051604982 1.476263869799168 0.0029010254938514504 0.01716629277479271 0.9818661915611192 0.2563769978381427
1256 16.26741987711214 1.2739893007444827 0.002804455066839462 0.009867461795047787 1.198266164531093 0.0
2257 14.20550488877157 0.8948780082212426 0.002764525230652998 0.0067251638234696 1.7451646487101797 0.9739190523371866
2258 18.620705763318742 1.9112504034159623 0.0033271998572085666 0.0481889559617908 0.7592201183518213 0.5599323686592562
1259 18.22286493104633 1.6930587338996803 0.0031290909601367064 0.03390769421350303 0.8417932133536721 0.0
1260 15.087504981045578 1.0239433248075709 0.0027722177091193804 0.007346988847492982 1.5060225931580342 0.0
1261 16.879862559277075 1.398300960400999 0.0028463873538795525 0.013065320885365824 1.0714030669738053 0.0
1262 17.70849680809633 1.5208431547003118 0.002971723187945581 0.022406318724158707 0.9202502179346234 0.0
1263 17.110389288439777 1.4122788040474985 0.002870878204091253 0.014910588946513573 1.0259478484385365 0.0
2264 18.568151143649256 1.9600843465407898 0.0032959063974391228 0.045944080068940414 0.7268300917852584 0.6806050491998102
1265 18.740438212190913 1.7604108278867516 0.0034054842996370676 0.05378974354526905 0.7701958059305715 0.0
1266 15.70002101043044 1.1667644534179038 0.0027839551278264285 0.008275214723231667 1.3329968591828338 0.0
2267 12.325348491124238 1.7283974944328693 0.0027603248422596277 0.006373339498184796 2.6123123128136445 0.001970362366674463
1268 17.351283138222957 1.4677873374467387 0.002903891796127988 0.01737999250339206 0.9822127962215157 0.0
1269 15.770290074195076 1.1814820430116844 0.0027858670085763792 0.008424981123165259 1.3152498595314945 0.0
1270 18.548480113849287 1.7953719307826843 0.0032846423881691972 0.045135138305509005 0.7959862690667078 0.0
1271 13.893838050139486 0.731507305844326 0.0027631438531179634 0.006611221431274374 1.945528664906324 0.0
1272 16.101336667507926 1.257800500605668 0.0027971089438089043 0.00929994254207302 1.2367826642805377 0.0
1273 16.966763936032265 1.3920508884503542 0.0028549122474424704 0.013709131878956806 1.0532962224424276 0.0
1274 16.108155892541998 1.2569289470581497 0.002797385359246892 0.009321350817462161 1.2350813410204649 0.0
1275 12.31249374741077 1.7319738495661994 0.002760316084161149 0.006372577364948744 2.6397213017739216 0.0
1276 15.649738644213599 1.155958954963555 0.0027826733603080185 0.008174620889578547 1.3456717611055617 0.0
2277 15.122979304530599 1.2106511084611347 0.002772706678460508 0.007386042268460889 1.3404913035125554 1.2363612778592616
2278 13.956388842514441 0.747828309701376 0.0027633851262829794 0.006631204265391963 1.9186882159481118 0.030954310765461786
2279 16.68561530266315 1.3935369118185321 0.002829990392177305 0.011821734361375404 1.1044709274069542 0.4244688857641665
1280 17.906192005514875 1.569122348405402 0.0030221525905213898 0.026112271145746567 0.8890480490298842 0.0
1281 18.360762083430348 1.6874243924280998 0.00318836977479221 0.038199734643648633 0.821720470516356 0.0
1282 18.13005301269438 1.6894377991542664 0.003093881443596738 0.03134923488014258 0.8556997104468235 0.0
2283 14.678758610261534 0.9634541897068434 0.002767748777590254 0.006987774196252751 1.6068220448641701 0.8848058511086891
2284 17.46295236686242 1.5160799308548516 0.002922361809854432 0.01875423768106249 0.9625949517700784 0.02218168439560314
1285 17.543972184583918 1.4947109544979604 0.002937226603714555 0.01985698278141382 0.9480248481054697 0.0
1286 18.35266955997461 1.6529451534796058 0.0031846419998025352 0.03793035241689016 0.822471636308362 0.0
1287 18.02496865876748 1.6047125068340466 0.0030580497936420746 0.028737645223250244 0.8709201461051747 0.0
1288 18.43614320557763 1.6908716499582013 0.0032247034638040488 0.04082192507338034 0.810821274062612 0.0
1289 16.781357893238937 1.343799808834215 0.0028376432985028695 0.012403075631496122 1.0891836820869594 0.0
2290 12.235112533946948 1.6915887406243 0.0027602658548685184 0.006368200387661458 2.5964657761366507 0.979450723329666
1291 17.319213122150767 1.4862372220768212 0.002898986048737057 0.017014164995651025 0.9886452685264524 0.0
2292 18.53696824176741 1.8933962891244682 0.0032781605451951447 0.04466941125566758 0.756939690378399 0.6289387704576407
2293 18.41652275532039 1.755555823111789 0.0032149600258646466 0.04011933731097223 0.8051229636181574 0.40738382750206614
2294 17.513639013240333 1.5513586071053886 0.0029315085878615556 0.019433115839927503 0.9460756552850867 0.44489866947637247
2295 16.660780456909112 1.3520047667068753 0.002828131115152237 0.011680231631956303 1.109330861427698 0.4615660084481844
2296 14.74362866052697 1.021062829535015 0.0027683332666547235 0.007035025876032385 1.5595208450800506 1.0671663319947036
2297 15.314194709737452 1.13376204671399 0.002775690418710764 0.007623497464960771 1.4210277918625893 0.7651538417755832
1298 17.63310006520219 1.5549848739753327 0.002955152707413287 0.021183348864460154 0.9341111642591335 0.0
1299 18.136582333661714 1.6203055400019268 0.003096244763904149 0.03152119503627927 0.8535980211852016 0.0
1300 16.03392211272661 1.216569993196242 0.002794483042451032 0.009096337478382085 1.2498958759909646 0.0
2301 14.170105665867245 0.8365179862773411 0.002764343953864384 0.006710270821776388 1.8082924828391875 0.789424491153301
1302 18.126147010034217 1.6323206941013888 0.0030924755873473807 0.031246925387221472 0.8554263405855195 0.0
2303 17.90480000118052 1.599548817936503 0.0030217585778012338 0.026083400225377924 0.8887998135425823 0.10385238983532764
2304 16.90083810328424 1.519053427455823 0.0028483724216882026 0.013215390850770867 0.9929666834401825 0.822080030444407
1305 18.132308483193484 1.6621755845078465 0.0030946959402676777 0.03140850327485275 0.8549202536457214 0.0
1306 18.170237812147683 1.6932061394537203 0.0031086942371980892 0.03242648222118976 0.8494603910458158 0.0
1307 18.38080533736728 1.6872728666846166 0.0031977439897561523 0.03887685477342069 0.8188197338388811 0.0
1308 17.731369189238176 1.559036812417777 0.0029770224494362384 0.022796840610093225 0.917164911797888 0.0
1309 17.74866438779632 1.51008068768461 0.0029811173035094464 0.023098419043087577 0.913076408443881 0.0
1310 16.458411535302808 1.3030049353512487 0.002814702565788651 0.010654767508540363 1.1564286546075282 0.0
1311 18.469600486036025 1.7063820253415976 0.0032418015935101515 0.04205384185927373 0.8061223698396722 0.0
2312 17.653238927331504 1.555461723420073 0.0029594476365907146 0.02150060658884691 0.9273816145550844 0.34949360098720594
1313 15.983835170168577 1.234742661039165 0.0027926521247244583 0.008954115512013392 1.2640831069046548 0.0
2314 14.038091221483164 0.7785124363611753 0.0027637258294282976 0.006659359352701086 1.877926255872312 0.5013003503053353
1315 17.011694773377 1.4015252243137775 0.0028596436102775397 0.01406573175623343 1.0447721809856574 0.0
2316 15.964026080537785 1.348886103806739 0.002791954882846688 0.008899896582253883 1.1160990361299319 1.091064388069405
2317 13.885351184985197 0.7284966405429137 0.0027631123543001373 0.0066086097413321524 1.9369493448971091 0.48159182710904
1318 13.219141841038468 0.6748749764301868 0.0027613570587762966 0.006461728902726791 2.221645697338933 0.0
1319 13.604824066196281 0.6975453403112178 0.002762218133503014 0.0065341518732010525 2.0656943184641 0.0
1320 18.903108038866627 1.7527370197289562 0.0035294237481656417 0.06261813391099556 0.7490220415371271 0.0
1321 18.16330407603816 1.6718275956492752 0.003106092268105716 0.03223735230493015 0.8501810117527875 0.0
1322 17.680311934197984 1.5848365789386514 0.0029653704628305674 0.021937795644861553 0.9266216678607139 0.0
1323 17.5262739034148 1.5143504211312235 0.002933867627456073 0.019608035490502253 0.9516941206336774 0.0
1324 16.732332613938837 1.381920482002826 0.0028336258771974017 0.012098112081955652 1.1010014777895765 0.0
1325 13.425774500998964 0.6906379574691607 0.0027617737526206107 0.006496882874238557 2.1406409834736824 0.0
1326 15.950633992432603 1.222894082397476 0.0027914918820230146 0.008863874287249066 1.2716292995463596 0.0
1327 18.05877157704242 1.5835215226539725 0.0030691356400983157 0.02954654571523048 0.8652436225041406 0.0
2328 15.736765177172462 1.2272311919037169 0.002784936768545839 0.008352151582737558 1.3152721796604883 0.6726705844524177
2329 16.836854089374665 1.4439469287666076 0.002842455018066208 0.012767746891902378 1.0526117204549839 0.6041053707136218
1330 17.061887963970342 1.4449673524630766 0.002865207650421406 0.01448447602570679 1.0366623654264504 0.0
2331 17.88086787945838 1.7387377697982305 0.0030150762472308055 0.02559356850153304 0.8212457274769747 0.7215716564956738
1332 17.510996149508593 1.5112889587593383 0.002931019198149538 0.019396819695920078 0.954368229105463 0.0
2333 18.745447744606327 1.8940599263835705 0.0034089853114739263 0.054039749592127186 0.7531295170422999 0.5170675231418357
1334 18.853135655240617 1.788716958985308 0.0034890090544394425 0.059744135800765236 0.7556095132318524 0.0
2335 15.428861461207664 1.1179883180401577 0.002777798408683435 0.007790480632898576 1.4050925532420884 0.16225531047824798
1336 18.06097267196961 1.583421259508156 0.003069871622304011 0.029600218519387517 0.864895779821294 0.0
1337 17.966613793362846 1.6519653661472202 0.0030398384733880085 0.02740694298436039 0.880963317083832 0.0
2338 14.29154998545705 0.8040993166939522 0.0027649958456712706 0.006763754901863566 1.7834700570670945 0.047540852161039954
1339 18.40269635816211 1.747914125601346 0.003208216770112317 0.039632838541208346 0.8163597354112122 0.0
1340 16.56107839136574 1.3406800485496506 0.0028211488398757183 0.011147830557832101 1.1358227135583117 0.0
2341 16.500346629882046 1.3523728436672977 0.0028172496190225745 0.010849773515837359 1.1355284968583323 0.3453794997097671
1342 14.751620898489028 0.9227316056660917 0.0027684081506723092 0.00704107298738281 1.613910685153745 0.0
1343 15.303303774699266 1.0908800316802003 0.0027755034383316964 0.007608656752940467 1.4423707491990292 0.0
2344 18.85376893634169 1.9441652562099778 0.003489507697835171 0.05977962285520154 0.7505560935766522 0.36224745175052414
2345 18.114364326155094 1.7556664578389034 0.0030882704670047267 0.030940829039671318 0.8193011214147624 0.6056627449253191
1346 17.96436094758251 1.58614521780753 0.003039158142480412 0.02735718431802229 0.8801642627740175 0.0
1347 16.07459000488822 1.2366254446262115 0.002796044201510396 0.009217436182428387 1.241640210924995 0.0
1348 16.237973119577834 1.271340784753901 0.002803054741524604 0.009759500065456285 1.2050225768204188 0.0
2349 14.751567142495135 0.9321568178661781 0.0027684076448398045 0.007041032144857667 1.611321415289143 0.4307036343890628
2350 15.209748393733028 1.0873774949236974 0.0027739846274827847 0.007487917027321642 1.4624076478945818 0.6693118049788765
1351 18.66050325583917 1.7836746609778193 0.003352106609271265 0.049973141659370786 0.7810003942452527 0.0
1352 18.677687359267303 1.839261153631477 0.0033631961931076225 0.0507668463004051 0.7792071787497601 0.0
2353 13.297533315068433 0.7159628698058554 0.0027615043111891445 0.006474177489452598 2.172255689331021 1.106709569720824
2354 18.873060170029305 1.8863494585470222 0.003504862027755362 0.06087201143709567 0.7499309578990666 0.3180978891285918
2355 15.986611629570824 1.2356353561087883 0.0027927510472713904 0.008961805263088967 1.2608009008414585 0.36591365627710115
2356 11.57611782301652 1.6295626099214207 0.002759972349311385 0.0063423628299560005 2.773332304601325 0.9787202588304076
2357 16.731916523592062 1.4532706033861436 0.0028335926818465243 0.012095590279364663 1.0056418419287816 0.844286667131403
2358 17.963749793014404 1.8107448390420546 0.003038973866598683 0.027343705985273865 0.7801394168993991 0.7706440763798903
1359 17.979221117210553 1.5645230498017995 0.003043676407398071 0.027687581024938332 0.8774428338268182 0.0
2360 17.489323800410745 1.6702571748326254 0.0029270582667659125 0.01910294315122088 0.8698315208227606 0.8049825869979202
2361 18.841393477682107 1.8594648166729766 0.003479824781401548 0.05909039256135589 0.749580627042618 0.3445824754512381
1362 15.899259662740052 1.216901284652414 0.0027897765314191963 0.008730284752310686 1.2842998200256448 0.0
2363 14.562172931752698 0.9529479701350299 0.0027667958731196515 0.006910525387567368 1.639781561951621 0.8283172182009451
1364 17.032139141455996 1.4353533813354864 0.002861873600461066 0.01423363646531874 1.0421138885981722 0.0
2365 18.650012567021992 1.858830794491574 0.003345436965509511 0.04949557776918955 0.759965626071143 0.5334631821907728
1366 14.677372329806463 0.9106558992555694 0.002767736728150816 0.006986799082044602 1.641301834708779 0.0
1367 16.32753978204256 1.28473411849292 0.002807456014290913 0.010098507260397465 1.185172556892965 0.0
1368 17.675093467798508 1.5475898794031397 0.0029642153023566133 0.021852556832247287 0.9266539258402416 0.0
2369 16.128982853820013 1.2841056568203812 0.002798242279630737 0.009387690691295974 1.2243290546266519 0.6046827072949977
1370 17.846058683710346 1.5639113807567708 0.003005659787339369 0.024902695170532937 0.8984571293632081 0.0
1371 14.619021544361669 0.8941986475323299 0.0027672455554037328 0.006947014197908229 1.662253983870927 0.0
1372 18.74208060053488 1.77595876675135 0.0034066300306002085 0.05387156404228108 0.7701089838246682 0.0
1373 16.840239982516405 1.3784298419918872 0.0028427580198645518 0.012790690227583421 1.0786601879830697 0.0
1374 15.500343232293089 1.139419401999457 0.0027792507961117516 0.007905204061148682 1.3870812382420923 0.0
2375 13.58874064143377 0.7108154233595997 0.002762174614080943 0.006530510845133696 2.0719669844738497 0.4335304075399182
1376 14.53273088014667 0.8612933075540723 0.0027665736029659884 0.006892465519890122 1.6920588349774752 0.0
1377 17.14892715826858 1.4089708851322413 0.0028756003532467117 0.015264960031086157 1.0183315223177882 0.0
2378 15.799189250059412 1.3112602439794727 0.0027866963561498335 0.008489849388051458 1.164304579935717 1.0856699459237629
1379 16.47613954680133 1.3054422880814693 0.0028157652808452386 0.01073616111481479 1.1525354013367899 0.0
1380 18.563673467410688 1.7679423905651295 0.003293321331919407 0.04575847291569648 0.7937042348551085 0.0
1381 14.301578769986662 0.8201766887262384 0.0027650535953798647 0.006768483555614294 1.7821286249048187 0.0
2382 18.445829789916907 1.8295855272942683 0.0032295903941029795 0.04117415721777512 0.7477960315570003 0.546795311232144
1383 11.928490249231693 1.8325576056911352 0.002760103380711091 0.006353961904466187 2.606648139704575 0.0
1384 17.04380876086091 1.4068230615492197 0.0028631687091292585 0.014331102175029826 1.0387159507985804 0.0
1385 17.976715974503595 1.622344168426188 0.0030429096263276906 0.027631521025828408 0.8788449620081802 0.0
2386 18.443277436338374 1.7796078541377494 0.003228297757505282 0.04108099888348374 0.8044007917323901 0.36692114493220984
1387 12.373142135551575 1.723350529503486 0.0027603584914562677 0.006376264916318946 2.6226891855213523 0.0
2388 15.191512343904412 1.0662701030081172 0.002773706022477129 0.007465730338392429 1.4757127111024217 0.22884664067084348
2389 14.20466251591169 0.796241823277191 0.002764520835994391 0.0067248029659816464 1.819232870999759 0.002136117005670541
1390 17.428182253887673 1.5092791609556773 0.0029163704629637244 0.0183089702931725 0.9694086612010825 0.0
2391 18.25200784510695 1.7241357417796717 0.0031408943522510404 0.03476378428176588 0.8289010660138488 0.30971570219008876
1392 13.27490562830589 0.6812584189916253 0.002761460520300692 0.006470478565629383 2.200484431176099 0.0
1393 12.357445573541781 1.7181668951006435 0.002760347248296679 0.006375287927638058 2.6262500573854575 0.0
1394 18.82075711149559 1.8704234538206521 0.0034639631724008553 0.05796078988920272 0.7604965568742299 0.0
2395 17.58447113000661 1.6687848022438883 0.0029451586741639974 0.020444332175322738 0.8971511833490687 0.6598208712896957
1396 18.586705306859198 1.751148511204099 0.003306752277272931 0.046722535289944314 0.79049015548524 0.0
1397 17.584681898989718 1.5199276966377515 0.0029452008686461505 0.02044745462538352 0.9416271692888197 0.0
1398 17.581870273338808 1.5152439744607582 0.0029446387899957367 0.02040585836366958 0.9419962543899438 0.0
2399 16.6735994937871 1.3927485259133856 0.002829084597121869 0.011752811142928966 1.1099094406453633 0.4337916116656952
2400 14.383270213508588 0.8341493902307262 0.0027655480336172167 0.0068089112530632144 1.7494580160787627 0.2356463053496046
1401 13.717873125058196 0.7160777791977239 0.0027625463034241285 0.0065615525850232885 2.0194909010924396 0.0
2402 18.05778194071472 1.6896537717004019 0.0030688053037886426 0.02952245417242795 0.8532684800448073 0.4914824059787094
2403 17.559218472670377 1.6230005937453156 0.0029401721043093563 0.020075175126561238 0.9190145393304228 0.657781514931214
1404 14.799231952428505 0.9496143206358921 0.0027688678840994 0.0070781658798659535 1.5994564892032834 0.0
1405 16.43928910835708 1.311914693628711 0.002813578828801662 0.010568651410034081 1.161329606168525 0.0
2406 14.811034936020024 0.9532260662087022 0.0027689855551021997 0.00708765136452542 1.5957091926664932 0.0044866521117126745
1407 13.065502797298347 0.6832005496283694 0.002761102208749335 0.006440108075299663 2.280693064002455 0.0
2408 12.013212973101428 1.59332229822767 0.002760143040259486 0.0063574501968118435 2.668723266587253 1.441987963788368
1409 18.817771040250204 1.9421783075054724 0.0034616971235715147 0.057799351766275396 0.7614531953781474 0.0
2410 17.758636047797914 1.516646502155961 0.0029835131906714753 0.023274797777311958 0.9081826403334157 0.36909191333502295
2411 18.011083255409464 1.8313578631820056 0.003053611899254982 0.028413587010254378 0.7845472866093263 0.752318170794931
2412 15.077066673185778 1.0372427683930718 0.002772077358818326 0.0073357712719922235 1.5113833123177738 0.06804198242107284
1413 16.041667394339783 1.229644005843844 0.0027947751100648316 0.009119004666923168 1.2489728954061219 0.0
2414 14.250767318082309 0.7972802249114548 0.0027647673373885936 0.006745029662047842 1.7993111011554348 0.21572072640625028
1415 16.739093544933503 1.3726557737543754 0.0028341673530389295 0.012139242667240228 1.0992827764683688 0.0
1416 13.313449018595017 0.7004042112504316 0.0027615357594744836 0.006476832286468601 2.1881738827401205 0.0
1417 18.680639607077108 1.8423621609401237 0.0033651221841884296 0.05090465089884606 0.7788412332987708 0.0
1418 16.511966987976187 1.300989107686429 0.0028179760542256073 0.01090534485461428 1.1443409953521027 0.0
1419 13.016820300784268 0.6764294972087542 0.0027610298830556463 0.006433952657825519 2.2975463736112305 0.0
2420 15.969084973556216 1.2362192843242803 0.0027921315313130567 0.008913636254070009 1.2647544930354524 0.4442877054918412
1421 16.684115719757173 1.341282506254527 0.0028298767056527943 0.011813085190420076 1.1089295640906434 0.0
2422 17.771773639072666 1.7551690270376792 0.002986709376669587 0.023510008641974556 0.8375985787416894 0.7534379367123407
1423 18.25900443440697 1.7293893466773396 0.003143783787616526 0.034973236533526825 0.8370143236394131 0.0
1424 16.742163388856778 1.3566161771905172 0.0028344145209241063 0.012158014738302046 1.0978793163613099 0.0
2425 15.617299044713457 1.1629141384934685 0.002781882588271681 0.00811248135643594 1.3539506305682563 0.3881153587411772
