# Binary systems ID's begin with a '2'
ID Gmag (G_BPmag-G_RPmag) e_Gmag e_(G_BPmag-G_RPmag) M_ini1 M_ini2
10 17.96129586052919 1.6222584122363104 0.0030387360350725375 0.021037946510534016 0.9660989349669744 0.0
11 17.37095844646222 1.50928830356498 0.002904688735975016 0.013067506678901306 1.0730257057656412 0.0
12 15.13688483302134 1.03515047067075 0.002772165751494243 0.005215664899971349 1.637958869441844 0.0
13 15.709202939498265 1.185474182403969 0.0027829025355808924 0.005849112080788967 1.4588284626524806 0.0
14 16.141486580839995 1.2772572094116157 0.0027969719755075568 0.006680591606725865 1.3431784266662135 0.0
15 13.140115368534296 0.6906641374283324 0.002761399335566218 0.004582611773307003 2.5014190477602667 0.0
26 17.406242645631288 1.5515194480042844 0.002910470758356192 0.013410935631429005 1.0452711368094836 0.5807876544421875
27 15.517417282882299 1.264863686883933 0.002778523299929475 0.0055905997578825275 1.4083371608270647 1.157173006331974
18 13.645547638911237 0.7210281556015541 0.0027623891840207865 0.004640598826768902 2.2684769889535525 0.0
19 18.102624694007858 1.6165154609752177 0.0030861185420221256 0.023858593364242706 0.941817446007832 0.0
110 18.6279245390201 1.7696432857568625 0.00334454999899031 0.03926192567925023 0.8601943838036286 0.0
211 13.045471198013857 0.7006343969796326 0.0027612682013608164 0.004574938313809299 2.537667852321843 0.7324437282862375
112 12.165113142690327 0.8136803122096292 0.002760530287565561 0.004531821102950314 2.8536256399295175 0.0
113 16.40358118159006 1.3265711701118859 0.002809442291973424 0.007418427419410373 1.2772469388563834 0.0
214 12.341640912591163 1.8265201246705565 0.0027606266371090495 0.004537442719007518 2.936041998736617 0.4299463834341959
115 17.934848451852464 1.6331287077527958 0.003030666332678073 0.02055770587698229 0.9709716631801506 0.0
216 14.94263381825136 0.9852297943481064 0.002769820521718899 0.005077498355835228 1.7063628640380104 0.2575817771051642
117 16.021877135596085 1.2501444026296091 0.002792381366296406 0.006409162162691039 1.3721950347636387 0.0
118 14.158928277723023 0.7823411715051103 0.002764160728563468 0.004744563142224071 2.0270421418726894 0.0
119 12.110632886715502 0.8353713781991849 0.002760504171563296 0.004530297962465899 2.871204738890406 0.0
120 17.800256779988022 1.5732384945160545 0.0029930804386030956 0.01832152365168787 0.9927835830696264 0.0
221 18.09132408344062 1.8034656818252288 0.0030820501758116858 0.02361635325225434 0.8775928150421572 0.7615789276819865
122 14.56246927648365 0.8769335876992495 0.0027664664223221577 0.004880085752167327 1.8557052956700582 0.0
223 14.48883708698148 0.8852829860934832 0.002765965150402415 0.004850606905168728 1.856748684417889 0.4763015261045003
124 15.202608561657847 1.0580011773724893 0.00277308097409762 0.005269607978791063 1.6160513835002228 0.0
225 16.071176516442385 1.3222537928711868 0.0027941998778883044 0.006516671947219142 1.3204043048286251 0.8826326821546899
126 15.304850094084683 1.0782444084688358 0.0027746444703479465 0.005361787285455949 1.5819792411718197 0.0
127 13.669750241502086 0.7253181330475001 0.0027624519728585767 0.0046442801922745355 2.257941110058697 0.0
128 17.28057548726009 1.4791501483889862 0.0028908715747271024 0.012247000026342533 1.089842093992184 0.0
129 18.302485285179213 1.7315534757228137 0.00316719319679671 0.02868780271338338 0.9107327007374018 0.0
130 16.919725641821582 1.3947953860907214 0.0028476694772216465 0.009683433110105995 1.1616931503668835 0.0
131 18.303888266662348 1.7074959167510049 0.0031678283525351553 0.028725648490998706 0.9100585713341205 0.0
132 18.21095564639055 1.6622617807211937 0.0031278242615072373 0.026342375692201565 0.9246893633482088 0.0
233 18.160317164421933 1.7410195142549536 0.003107703735594917 0.025143982059045507 0.9207017443877256 0.553897465711309
134 16.950131018977736 1.4050832387253795 0.002850679098275654 0.009861910929328158 1.1557983470092814 0.0
235 13.607798604312022 0.7300206191405899 0.0027622945609986032 0.004635051590298261 2.276735126882805 0.7478614857352878
136 18.345379924324618 1.6758611814610174 0.0031870671284049724 0.02987207771929725 0.9026129106335067 0.0
137 17.460488982022046 1.5376146034607017 0.0029198142768553756 0.013965989816475517 1.0562649815942424 0.0
138 12.2385741439808 0.7951205578021405 0.002760568101275444 0.004534026970504353 2.8321091054192116 0.0
139 15.614233434702513 1.1682739297875067 0.0027806174266782934 0.005714197462316509 1.487531239052682 0.0
140 16.331518265560184 1.3055326258750195 0.002805644196984322 0.00719363451594753 1.2941774805710582 0.0
141 18.02030901006469 1.6342324445787115 0.0030576205543551374 0.022161961737297883 0.9561710410061467 0.0
142 18.9549775920028 1.7422437402675872 0.00360067847888704 0.05454979207191452 0.8131294436783928 0.0
143 17.203037501029705 1.4746855953892832 0.0028800751150354345 0.011606059639744709 1.1055657584281795 0.0
144 17.24786406357297 1.4677782374861683 0.002886203132630724 0.011969833116317887 1.0958879700689599 0.0
245 17.807686491784118 1.6055930485814793 0.002995011929386715 0.0184364121270368 0.9584970165514295 0.5559188139287552
146 13.615124980416645 0.723748749536788 0.0027623126164740097 0.004636110028837286 2.2836459379097565 0.0
147 18.037504320233037 1.6279069166461049 0.003063360187135011 0.022503632192736177 0.9530508017970448 0.0
148 14.655572364880555 0.8969902943583785 0.0027671618843496224 0.004920996442370845 1.8168330539081798 0.0
249 14.988163528810142 1.1476086985345224 0.0027703256898779856 0.00510725173224542 1.5486125985545351 1.1211595382059376
250 16.324286970427796 1.4052075289401484 0.0028052795920697044 0.007172058128094105 1.2000151411207187 1.015761860792269
151 14.572388934695374 0.8833756777263302 0.00276653714251924 0.004884245268934852 1.8526634404509077 0.0
152 15.672017038101961 1.176617119007708 0.002781978959009776 0.00579457805640146 1.4697134398084541 0.0
253 13.2989221479897 0.7072356539087065 0.002761652853641293 0.004597453268867001 2.4297284176945673 0.5856754077904289
254 15.70577315717197 1.1864937463963579 0.00278281574442913 0.00584398706306205 1.4593021299710423 0.10555649527089749
155 15.99660474868805 1.2417378925335754 0.002791487057299107 0.0063562978004608195 1.3785112614168589 0.0
256 17.022323046825434 1.560636751007077 0.002858245718227134 0.010310710438022121 1.073333021106989 0.8878495733902546
257 18.88940722182297 1.914664428348016 0.0035416109707961775 0.05102266888745606 0.8168418007833278 0.4020815497281346
258 14.774818193400852 1.0200411392228053 0.00276816445199478 0.00497999454955615 1.723975841857487 0.9867513694425839
259 18.89565967801877 1.8841087153909493 0.0035470595568357155 0.051347988641697595 0.8213825025166156 0.17071186944659356
160 12.640453743565391 0.7068468726392637 0.002760839660231396 0.004549882280184602 2.6975910941814853 0.0
161 16.443173379760477 1.3246318151687175 0.002811662141806202 0.007549836118452516 1.266611175058364 0.0
262 15.821240651069784 1.3006499025405316 0.002785927457357491 0.006027770279935514 1.305612205084762 0.9786685956883059
263 17.402562589677437 1.4982475499401067 0.002909857064042874 0.013374482662021434 1.0650691504836742 0.27742056448878344
264 13.431670523948734 0.7064825050437491 0.00276190193892273 0.004612042612064488 2.3684953951733427 0.5602808381366844
165 18.170533871786542 1.6375198558346165 0.0031116725553381797 0.02538035115486261 0.9309319287248832 0.0
266 18.895931637610058 1.866598120121513 0.003547297411090136 0.05136219041133585 0.8190560043968478 0.24522373769520875
167 17.562833955095552 1.536811462659609 0.0029390522070839808 0.015109137894507938 1.0362807531536131 0.0
268 18.06065039875514 1.7136346682476473 0.0030712613452726703 0.022974007535192617 0.9342495531173707 0.3630599269717333
269 16.857201310120452 1.4062763034298416 0.0028417911415438545 0.009334889510264632 1.173841023380391 0.2273529641330605
170 17.235175394772458 1.4713134643337034 0.0028844374452849887 0.01186501198968527 1.0986574149387835 0.0
171 18.610831493752023 1.741217883558953 0.0033335538595618093 0.03860599995391283 0.8624480401277655 0.0
272 14.981067938906884 0.9994358044180299 0.0027702452709883504 0.005102514910103091 1.6911624462053145 0.14407580841554246
273 14.954409745772184 1.0293555841466806 0.0027699487396071424 0.005085049680916785 1.6865472373901282 0.8664946558371716
174 15.332118405194617 1.0935040606133966 0.002775092348555187 0.005388198774709828 1.5745874949760648 0.0
175 16.3224985123267 1.3060289912884406 0.0028051898682506992 0.007166748584882348 1.2966171810549607 0.0
176 16.41689332739812 1.3225541774751046 0.0028101778042653063 0.007461965615345811 1.2733276219714798 0.0
277 18.348374745707833 1.8504190695060174 0.0031884903854603242 0.029956895418745685 0.8616159460224432 0.6499437980798122
278 17.28736941471453 1.5088233463915055 0.0028918626410284073 0.012305843971126985 1.0856723651858944 0.4487802483085289
179 16.900477142122583 1.4101181711153146 0.002845816094686903 0.009573532537408523 1.1669685591200347 0.0
280 18.494141287712353 1.8021625443892433 0.00326381535535021 0.034447009059114325 0.8528377524574866 0.5132768517331396
281 12.831380176905547 0.6976668101387714 0.002761017849924168 0.004560296411785046 2.6213148647639266 0.18542496817516407
182 18.714056753549684 1.723205493256617 0.0034032519578158825 0.042764165712209444 0.8466927797715894 0.0
283 18.104940489124626 1.6323894942499293 0.003086958584020602 0.023908612625911745 0.9382848176847407 0.04147316920610779
284 15.274043796897358 1.1805601613300372 0.002774154541399063 0.005332898966657011 1.5283749810251135 1.0520362363493048
185 17.435031547031414 1.503449319324257 0.002915359255204684 0.013701325035818907 1.0599164687579878 0.0
286 12.666053239273214 0.7240381543892731 0.002760861415131321 0.004551153345343697 2.672637495348712 1.2102872519271672
287 17.97765980612668 1.7168113728448895 0.0030438491154693484 0.02134225652883881 0.9002036779971282 0.7017601337544175
188 15.542529993091843 1.146744599206714 0.0027790450376892974 0.005621389381558709 1.5082021548148228 0.0
189 17.444052636480198 1.4974364143322163 0.002916923539256131 0.01379425365193156 1.057862577127205 0.0
290 14.869126098319777 1.1364357173755362 0.002769056991578439 0.00503253723629232 1.5605256672312842 1.2919770040879115
191 15.996673915356725 1.2516756810051304 0.002791489470773547 0.006356440459401194 1.3797681080436195 0.0
292 18.146070836370157 1.727271228247625 0.0031022442347517828 0.024818846992637252 0.8911192490779389 0.6452409240331921
193 18.495929138073386 1.7351127119035998 0.0032648170624744676 0.034506735618426286 0.8800792340545576 0.0
294 16.786211058642305 1.43111543840503 0.002835593679393086 0.008967509074728004 1.1753527187530173 0.48261015743346336
295 14.063885280230268 0.794796714271342 0.0027637523137749366 0.004720579567071977 2.067543658862859 0.8554824196205248
196 17.963632915361 1.609605102785963 0.003039460593014842 0.021081068235868052 0.9653770266700367 0.0
197 14.484418337822722 0.8655455845389202 0.002765936353113845 0.004848913624059521 1.8901484598360168 0.0
198 13.14598714945883 0.6908827116161024 0.002761407934524977 0.004583115037092688 2.498834817314696 0.0
299 18.715513360877328 1.9644362517915748 0.003404293790238325 0.0428263321865184 0.8305388955022672 0.5768434157020769
1100 14.770496723365953 0.9274522822968814 0.002768125751673143 0.004977716707013704 1.771935727793801 0.0
2101 11.702687734846286 1.931639252296366 0.0027603516478318497 0.004521409133511704 2.9074260118499446 1.3075733116367318
1102 18.884956682934842 1.8476780246819724 0.0035377556295441387 0.050792481582280787 0.8239580047952663 0.0
2103 12.20202670579904 0.7152081898019131 0.0027605489028573547 0.004532906957988656 2.743281607660035 1.7055767970527023
1104 18.073862954898228 1.647295706219389 0.003075863540041381 0.023248004765359796 0.9473099565002709 0.0
2105 17.92235363729237 1.7330976085284613 0.0030269355857183325 0.020335698340478013 0.8939066650856161 0.8019596476817883
1106 17.632342248973167 1.5468910421115378 0.0029534225936626544 0.015963302325679024 1.023300774098583 0.0
1107 17.58307514329854 1.5350833409401379 0.0029431230233295897 0.015351082941615846 1.03232739498729 0.0
1108 18.89551871116569 1.7650276015035145 0.0035469362963389765 0.051340629025917364 0.8216667687974906 0.0
1109 15.536369896982176 1.149092839053505 0.002778915705699403 0.005613756785310924 1.5107615135400756 0.0
1110 18.472574889826014 1.7332197092650272 0.0032518874979007247 0.03373584202520182 0.883662186554148 0.0
2111 18.452859712381755 1.749068872678821 0.0032412307895793133 0.03310050949145554 0.8837816769955539 0.26310817859036334
1112 16.992007374786766 1.4042792887196034 0.0028549941848173524 0.010117838221978044 1.1467559559124225 0.0
2113 18.036321809941803 1.7119286495598385 0.003062961955151738 0.02247992547124353 0.9310460248594145 0.609556337516828
1114 14.73246099786586 0.9267067143776742 0.0027677930259217966 0.004958134403475765 1.7896504203270704 0.0
1115 12.654457685172279 0.7097749471115297 0.0027608514843246927 0.0045505731079092185 2.6934580665354426 0.0
1116 17.798001498166307 1.5382276616755661 0.0029924972842740897 0.01828683718885149 0.9921768442825096 0.0
2117 17.30700212597233 1.602518258860833 0.002894768978779792 0.012478413908477232 1.0548686487271244 0.7436706617914864
2118 18.03854820504209 1.815808867600994 0.0030637121695606152 0.022524585762419717 0.8782539478834788 0.7885358269882135
1119 15.990360947628636 1.2456079189207947 0.00279126995094595 0.006343464922498866 1.3808363932946939 0.0
1120 18.213627825305384 1.6694145133837281 0.0031289177903715336 0.02640751307199878 0.9243851871743056 0.0
1121 18.002428697763893 1.6607612841588162 0.003051767447957691 0.021813557623479647 0.959904632326348 0.0
2122 15.78769920404224 1.200799994607913 0.0027849820551698605 0.0059719254415122065 1.4358350777996067 0.07992721149357962
2123 18.06362031335879 1.7704847507309327 0.0030722899463747357 0.023035245452420403 0.9085937060579374 0.7076123522600645
2124 18.896553968526465 1.8105039189331915 0.0035478419685462813 0.051394704824766005 0.8200668925049693 0.17361076773985107
1125 17.441361230363963 1.5080434487382903 0.002916455199008914 0.013766430899019647 1.0588477936358611 0.0
2126 13.660611238846114 0.7609717568694118 0.0027624280648933163 0.004642878410508073 2.244470713835684 0.9872782592479568
1127 17.316723748666444 1.4922502940423201 0.002896231765135573 0.012565274357148711 1.0831734626640175 0.0
1128 17.204838483690576 1.462605793431363 0.0028803154781035217 0.01162032707857305 1.1045447388054017 0.0
1129 16.057639010516784 1.2626652832602077 0.002793690556448943 0.006486559188394237 1.3633283672591623 0.0
2130 13.068082952072498 0.7144283997159004 0.002761298288933637 0.004576698695467526 2.492988031821038 1.1431230952822058
2131 14.744113320358517 0.9242350228256084 0.002767893467130302 0.004964045515657187 1.781436873779492 0.38388273391293315
1132 17.589682571983428 1.5337354628408368 0.0029444718248263493 0.015431251391125042 1.0310095613442276 0.0
1133 16.908438148879473 1.4256444012454146 0.002846577832966063 0.00961870066729354 1.1662093089437895 0.0
2134 15.786528996914623 1.2789153785893115 0.0027849497034814056 0.005970014545571905 1.3702144787105297 0.9875665790996954
1135 17.20102960507876 1.4496698395222412 0.002879807703342295 0.01159018675729034 1.1046710807381255 0.0
1136 15.960461353089096 1.2280017450031733 0.0027902509210499075 0.006283235138712234 1.387307506782898 0.0
1137 18.088181587961984 1.6053438627452734 0.0030809278854920415 0.023549531121171245 0.9439836230718256 0.0
1138 18.681342076126256 1.7555616706632429 0.003380291698988223 0.041394200582348904 0.8518347328610029 0.0
2139 14.668387778100312 0.9217275800864569 0.002767263370968094 0.00492696749500615 1.8073289587923669 0.4314026869744966
2140 17.33911904897226 1.659339721954416 0.002899662266036483 0.012768989351775707 0.9867973605284933 0.8984533009915328
2141 18.14655090915774 1.6554970592872855 0.003102426805388557 0.024829719542006762 0.9280646626862551 0.39034885384390827
1142 13.910384847467594 0.7534889496311279 0.0027631773440022793 0.004686829707926013 2.146014762669681 0.0
1143 18.334838670583313 1.6908581524619106 0.0031820950166291826 0.029575776235078007 0.9046191219722799 0.0
2144 15.84362538143663 1.2200437213195738 0.002786578286551767 0.006066218441173214 1.4210007702575125 0.1529101539720906
1145 17.068292858483286 1.4225021210964859 0.00286339002860444 0.010615897658043591 1.131490776578782 0.0
1146 14.280509444592834 0.8096129718186874 0.002764750175573836 0.0047791906707241065 1.9747154529739486 0.0
1147 16.152409843561742 1.2763983797191611 0.002797422414745515 0.006707230695175156 1.340099257140304 0.0
1148 14.402508009823837 0.83603535730819 0.0027654273619539807 0.004818989358574841 1.9221309659236099 0.0
2149 18.533935491204325 1.8158487787763522 0.0032865891385448318 0.03580498106123059 0.8425032102298678 0.43542676655316026
1150 15.294184034670414 1.085868919097577 0.0027744729409644856 0.005351672823776241 1.5875567702330118 0.0
1151 15.229960106539892 1.057286089656928 0.002773481992698818 0.005293247748581289 1.6049280848449723 0.0
1152 18.433112506165337 1.6435714955469576 0.003230788245999196 0.032477987733476946 0.8883883638506836 0.0
2153 17.415156735546706 1.590822828811583 0.002911967734815566 0.013499856827447514 1.0295167265099716 0.7453678295681961
2154 15.657447997730214 1.2504114774036512 0.002781627389207352 0.0057738209415258085 1.4116382641781842 0.6783619533856565
1155 12.649826140647983 0.7153353401195791 0.002760847553343731 0.004550343434932635 2.6961639996276596 0.0
1156 16.078889931122728 1.2462039417593922 0.0027944935243657946 0.006534033933219463 1.3550626751458446 0.0
1157 18.156725678363447 1.6608764282824762 0.003106319242429971 0.025061528443615252 0.9337193720103143 0.0
1158 18.89149976439894 1.7928450162124565 0.0035434302650493256 0.05113129304621654 0.8225018051011779 0.0
1159 17.8946038711908 1.5919762040278445 0.003018832909111997 0.01985356168807196 0.9768971570612994 0.0
1160 13.5241131277953 0.7074591259004285 0.002762098421507216 0.00462355539696286 2.325119594067247 0.0
1161 15.748930906522803 1.1924023629052996 0.0027839323374209985 0.0059099264727115255 1.4469811780783055 0.0
1162 16.276912698926903 1.2990765341965507 0.002802962078387089 0.007034926500131965 1.3084362800564853 0.0
2163 15.806986830250793 1.2118948165355123 0.002785521388792235 0.0060037830426245 1.4260717054671694 0.4459680484307196
1164 18.382881403499702 1.7904784653964265 0.0032052355862738535 0.030954875714089742 0.8984964651486448 0.0
1165 16.601724818965142 1.3605638304387395 0.0028215983402983917 0.008138237371567044 1.2301038621957585 0.0
1166 16.80659238807125 1.390645699628747 0.0028373232291577836 0.00907002618806475 1.1865755863337906 0.0
2167 15.499165119737741 1.1441201741924263 0.002778153128433006 0.005568756253064728 1.5166175526732275 0.028691107788206726
2168 15.963107897140283 1.3326068428834872 0.0027903397603471084 0.006288485737142618 1.3467782668482433 0.9454960172641654
1169 18.371484161281312 1.687409298935854 0.0031996336320617093 0.030620997216644356 0.8986113446628152 0.0
2170 18.610044522610885 1.7449126967682724 0.0033330526043948545 0.038576100740983665 0.8558816639905119 0.43167257251471014
1171 17.90306622956723 1.5762961641173419 0.0030212774154974877 0.01999901317555268 0.9750164464340456 0.0
2172 15.588409106957322 1.1625482891088512 0.002780036636704003 0.005679914455770606 1.4931484476802759 0.003719825724310917
1173 18.600185141605117 1.7955769177454166 0.003326809752509945 0.03820372969480589 0.8648147646524662 0.0
2174 15.742433071479526 1.1902627162211843 0.0027837607799239554 0.005899794657365226 1.4458085044327826 0.10683302189850141
1175 17.750943870370058 1.5568243647799995 0.0029806569630561924 0.017582625718858644 1.0009898255409209 0.0
2176 17.683115073577046 1.670896220366362 0.0029646436860731786 0.01663041411546234 0.9565481532494914 0.767659232324461
1177 18.24482713601056 1.7106352652218535 0.00314192859258155 0.02718256321780244 0.9199763344512143 0.0
2178 17.30580907627419 1.5565111162058352 0.002894590549953021 0.012467818982215027 1.0469672196351982 0.709322622511187
1179 13.941479690082563 0.7597404875794206 0.0027632860326313913 0.004693208163533778 2.1317967870052956 0.0
2180 16.64457625740549 1.4679879511492149 0.0028245981312647814 0.00831593966660716 1.168293332821079 0.8674072687509915
1181 15.135308935653635 1.0384642309881797 0.0027721446167274706 0.005214419367466376 1.6393303648889357 0.0
1182 17.41187095507068 1.5240159716405228 0.002911414215204948 0.013466977148064427 1.0654396906927412 0.0
2183 18.13931791981929 1.770657601971046 0.003099686408693455 0.02466652380690513 0.92181080705958 0.5880396852581139
2184 15.333723567014763 1.1242401238389812 0.0027751191384350706 0.005389778659466791 1.5542597476616566 0.6465829613248137
1185 15.897810775379003 1.2223162268030092 0.0027882223827070773 0.006163357497726072 1.4051523651206368 0.0
2186 18.07542657830806 1.6389211335987015 0.0030764126657479287 0.023280698465784542 0.9429504918289046 0.08566791502578705
2187 16.363203525413812 1.374517724084149 0.002807276779148672 0.007290253122147574 1.2546056269722192 0.7978693059416644
1188 14.54826457685182 0.8773930614528397 0.0027663665005309285 0.004874208945027209 1.8627292633774275 0.0
2189 16.853388337734412 1.4917550260741892 0.002841445699175475 0.009314409615012613 1.116389578221172 0.8755844426937156
1190 17.90427188226126 1.6190629712332971 0.003021627564736409 0.020019847885705162 0.9759295815477951 0.0
2191 17.201912511949725 1.5291772235577576 0.002879925215437024 0.011597161964682573 1.0804502008898391 0.4728774031596893
2192 17.15345350208259 1.4802565448038252 0.0028736429666114966 0.01122429481769965 1.1083632022916263 0.5645486042007695
2193 15.917226635113614 1.3625978953531335 0.0027888360083449287 0.006199617292633179 1.2695129807352825 1.1574004196223853
1194 13.60974691176868 0.7148466894568946 0.0027622993481640316 0.00463533221835376 2.2836804476260886 0.0
1195 12.905533281658574 0.6988955458403905 0.0027610979098074734 0.004564977546379022 2.600928908871518 0.0
2196 13.704287076208757 0.835619273847825 0.0027625445469726265 0.0046497084500967 2.101823947701326 1.612088808874745
2197 15.887184370499721 1.3548170244951108 0.0027878921055745284 0.006143842089239777 1.2707913474236465 1.1747562634532354
1198 17.79167800118837 1.6142649377017273 0.0029908699722737586 0.018190044875542787 0.9954525670962572 0.0
2199 15.759417312702368 1.1961817405013926 0.0027842118280780874 0.005926433074895653 1.440941588240478 0.012851013754546654
1200 15.082853292967316 1.024046668669661 0.0027714618285003944 0.005174184437984694 1.6578401164986087 0.0
2201 18.63328331242617 1.8285395555788344 0.0033480405793990054 0.03947014881273266 0.8542016877620774 0.4000780258604054
2202 15.834862586744265 1.283993307889999 0.0027863215810842055 0.0060510530405674294 1.391815300011853 0.9046150824854805
1203 16.542706811490305 1.3400869223633107 0.0028176938253047915 0.007906981642161297 1.2433899703701126 0.0
1204 14.6580195642771 0.9017866850652 0.002767181152510698 0.004922130080748697 1.8169494427177704 0.0
2205 15.853476376208231 1.2192509188345129 0.00278686987096119 0.006083444943840395 1.4178201619763988 0.032683297420756666
1206 18.15608526491092 1.6796909555843267 0.003106072947374311 0.02504686042725025 0.934216524008033 0.0
1207 17.024497208718813 1.4323482973171453 0.0028584831461892692 0.010324794817005078 1.1414665754765139 0.0
1208 12.447583889218475 0.7422065915205637 0.0027606942174218567 0.0045413876741933175 2.764524416786074 0.0
2209 17.51526820456287 1.6413453628323693 0.002929838799703364 0.014561612073061198 1.0236694226680216 0.6981778472942567
1210 17.75158981646368 1.5837833701520323 0.0029808153362604413 0.017592044310821602 1.0017359300455069 0.0
2211 18.84515658962226 1.9269191230640241 0.0035041128292902022 0.04878395534616113 0.8108372905903144 0.5752313347939427
2212 16.952566104328643 1.426071107741415 0.002850924557344124 0.00987646807299314 1.1556623876261647 0.2880201631974009
1213 18.701499298463002 1.8066011631063348 0.0033943398779695388 0.04223239197520704 0.8494046785393898 0.0
1214 16.07685184558232 1.253012744811641 0.0027944156904871204 0.006529431923262866 1.3565074290734929 0.0
1215 18.443535500190745 1.7521109461895072 0.003236271483055853 0.032804860083810276 0.8884445474929491 0.0
1216 15.519285663497941 1.1462087823865437 0.0027785616178080735 0.005592860942078911 1.516251766157537 0.0
2217 13.767931318189131 0.7914755848030988 0.0027627247324854493 0.004660275779788365 2.1658593488823112 1.098600232402037
1218 11.811809534018101 1.8964201729610846 0.0027603859324188814 0.004523406045939116 3.082921708334038 0.0
1219 15.118264626609042 1.03564519719117 0.002771918380296549 0.005201087034938436 1.6457171374040156 0.0
2220 15.990589090903514 1.2805534619242183 0.0027912778573457864 0.006343932254757878 1.3747198629180886 0.4036285672233347
2221 13.893303162244338 0.7984149418537381 0.002763119215787873 0.004683418706024608 2.105591846675008 0.7200204401800631
1222 18.390166098198016 1.7500095637080972 0.0032088534910681764 0.03117051114245762 0.8966967040041831 0.0
2223 15.131476971644348 1.1390063369788985 0.0027720933794112127 0.005211399833625489 1.572938835734586 1.0533830839615543
2224 14.093088546863502 0.8019487488220594 0.0027638732464636403 0.004727680335444991 2.009548624553886 0.5878272540093601
1225 13.579764273501663 0.7107027104384699 0.0027622268133581955 0.004631080366973927 2.2977822166785353 0.0
1226 18.110113068830813 1.6667630201253552 0.003088842733639719 0.02402080344475071 0.9416498701526163 0.0
1227 17.22384523949793 1.4816852557813338 0.002882881703801473 0.011772658284793784 1.1015148288935475 0.0
2228 16.664091280334695 1.3750189631320002 0.0028260123298163753 0.0083997233189232 1.211576851526242 0.4983074295164468
1229 12.119451487309654 0.8253216726072881 0.002760508292396788 0.004530538278899948 2.8674220881480643 0.0
1230 18.133243541995434 1.6143815720381318 0.0030974019349813008 0.024530482282058334 0.9366657466390913 0.0
2231 13.862126800473732 0.8411361935233508 0.0027630159270832567 0.004677358163667479 2.046537693562965 1.332157489233579
1232 18.05421697956243 1.638500186512884 0.0030690447995516137 0.022842047315722425 0.9504321116152067 0.0
1233 18.658091433017873 1.7367208129302443 0.0033644736273617244 0.040450478826010716 0.8551368059977853 0.0
2234 15.786833423536343 1.2656762604922724 0.0027849581156488812 0.005970511420797222 1.4032834652625317 0.8861081638280724
1235 18.193063144359837 1.6353073289007363 0.003120585224698221 0.025911189003682108 0.927132534111375 0.0
1236 15.335283257459649 1.0953157879785784 0.00277514521521687 0.005391316499009005 1.573736560443204 0.0
2237 15.858879644593767 1.2305088372496118 0.002787031165587453 0.006092974314416756 1.417666801000236 0.03607102758469878
1238 17.235475201354447 1.4443649764197932 0.002884478878251849 0.011867471630440496 1.0972467084980893 0.0
1239 18.387917710979284 1.7027378594064828 0.0032077337154360667 0.031103769362059063 0.8962910837707233 0.0
1240 18.93643907674589 1.8026601597561893 0.0035835398614229544 0.05352630420430657 0.8162909787647258 0.0
2241 13.119818669794734 0.7115321514308663 0.0027613700404157363 0.004580897319240154 2.4894860925009037 1.0057586936256486
2242 13.757970831576587 0.7401089388469793 0.002762695685153371 0.004658572085795258 2.2087762089632625 0.03960087975032092
1243 15.581045390061808 1.1650731930923042 0.002779874057265791 0.0056703182338969085 1.498032520768987 0.0
1244 18.20563474319207 1.6499262686009109 0.003125656448000194 0.026213249030529268 0.9253312781893459 0.0
2245 12.871773242393315 0.6929364887385747 0.002761060641684754 0.004562798313904817 2.6111133372895097 0.5426488413968441
2246 14.20734312596089 0.8382742170455348 0.002764385957956459 0.004757792685244217 1.9970718836715393 0.8859075384328785
1247 17.915532807008145 1.6149125008028644 0.0030249207476451363 0.02021580433144351 0.9738622525283431 0.0
1248 15.455934754337298 1.12896194454189 0.0027773057510247375 0.005518758550207763 1.5355104901335555 0.0
2249 14.371347080375426 0.9632350096604679 0.0027652455714927346 0.004808303775439557 1.8192790130839636 1.3409527420478309
1250 17.02735736708965 1.436953404747344 0.0028587963628553988 0.01034337519305633 1.1411251329545584 0.0
1251 14.170240659826066 0.7966104405182306 0.002764212275004294 0.004747590684061648 2.0254939811144768 0.0
1252 15.096192442155354 1.025046955221622 0.0027716317021893064 0.005184193962825295 1.6524969383598833 0.0
2253 16.56269260058214 1.4131398254082932 0.002818987475826964 0.007983596410072524 1.213555997006263 0.73245156475507
1254 13.806121399651971 0.7449129897407459 0.0027628391321577925 0.00466698615255677 2.194854256742512 0.0
1255 18.78295087590282 1.826757131398254 0.0034544219532453286 0.04581785817723783 0.8381236199038935 0.0
1256 13.39856607565423 0.7039400998800838 0.002761836342693458 0.004608199885995169 2.3843917099793193 0.0
2257 17.941120342910903 1.7727945961231681 0.0030325586329343645 0.020670315658708756 0.9121755355557986 0.7690242609435485
1258 17.500012698391703 1.5082136777974071 0.00292698548807927 0.014392066736246371 1.047262959696699 0.0
1259 15.454275561260555 1.1303158891373402 0.002777274032577627 0.005516887217738419 1.5363352014025082 0.0
1260 18.51981918964236 1.7595119033424491 0.0032783950411316392 0.03531635577384084 0.8767390967401718 0.0
2261 13.946358870697935 0.8407285547764196 0.0027633034307247297 0.004694229244300334 1.9264142328901435 1.417130286302271
1262 18.66495163163101 1.8087555049999198 0.0033690983897054724 0.04072638880802189 0.8550015714327965 0.0
2263 12.72280148210311 0.7180588554774043 0.002760911905075446 0.004554103726401727 2.659021322370184 1.1658054522583492
2264 15.746703174741151 1.1973780355609005 0.002783873380687897 0.0059064445895638815 1.4478175878661572 0.18722477547244806
2265 15.188633477389756 1.0556010979346573 0.002772880733035897 0.005257804756041131 1.6206962234787325 0.08506707356803316
1266 18.671711651248767 1.7423025502036884 0.0033736902328659582 0.04100034133813661 0.8531318406908016 0.0
2267 17.96076348457818 1.7307088755838633 0.0030385712453301905 0.02102813917539439 0.9000539823676931 0.7140345708438857
2268 14.47981566813707 0.9001362242834414 0.002765906507168499 0.004847158709418722 1.870474059511469 0.6819488658489453
1269 17.823121086202875 1.585032042250799 0.00299907577177913 0.018678146250758705 0.9891361028172359 0.0
1270 17.959404318038587 1.619044359290095 0.00303815097565971 0.02100312723044703 0.9663466847807237 0.0
2271 13.597247033742725 0.7280073845826035 0.002762268814131676 0.004633542317923802 2.293651593704082 0.4341037060295998
2272 17.528602963127543 1.5525931192401978 0.0029323727902411563 0.01471219065342479 1.0383195962976672 0.473715800470189
2273 14.949768630543648 0.9849133043846087 0.0027698980061133527 0.005082061721560168 1.7029066982797403 0.11995165474985417
1274 18.218380470301625 1.690091020040903 0.003130870744112173 0.02652384464347468 0.9239994288787113 0.0
1275 11.991471895134337 1.83110786512798 0.002760452273029892 0.004527272032335823 3.038432966202345 0.0
1276 16.285729859631438 1.2928932032548552 0.0028033842186358194 0.007059903639043525 1.3052725156042133 0.0
2277 17.57432799897609 1.6377795099132013 0.002941352597595739 0.015245857301322177 0.9963418266854225 0.6861193785953067
1278 14.72103985940069 0.9183756306848236 0.0027676958314928925 0.004952414598345691 1.7928029384535897 0.0
2279 15.621331474272413 1.1751195540998647 0.0027807800034461805 0.005723794628875772 1.4856937176709735 0.028781311872934486
2280 14.79130116706296 0.9467230632685633 0.0027683137809888475 0.004988784147275835 1.7662241289815284 0.4295946562575963
1281 15.878696175911472 1.2254181806464512 0.002787631073157222 0.006128418723515736 1.4114954786785814 0.0
1282 15.075679459431768 1.023778683081024 0.002771371505796565 0.005168862512647708 1.6607779204920974 0.0
2283 18.156498081582946 1.7498535717658341 0.0031062316914601323 0.02505631437232227 0.8910349424716109 0.6393352735781641
2284 18.853225143997484 1.917682459758789 0.0035108134249964844 0.04918396882938799 0.8118809015797391 0.5571036345965862
1285 16.57657268275252 1.3516951983770455 0.0028199029677114084 0.008037818411770377 1.2357596552922447 0.0
2286 17.52516576850663 1.5980813410898067 0.0029317160276531493 0.014673162854368552 1.0225915811947286 0.6809885187336839
1287 18.00600757634821 1.6400456408772517 0.003052929700938881 0.021882738600317277 0.958784438901935 0.0
1288 17.023926387774 1.41870204139719 0.0028584207545130883 0.010321093692455355 1.1407767222714937 0.0
1289 16.640496611535706 1.362598526968781 0.0028243063465406885 0.008298653702905388 1.2202934550570543 0.0
1290 18.646909402325264 1.7747455815849302 0.0033570104839420432 0.04000524702459746 0.8573413758732447 0.0
1291 18.685821429457103 1.81932633364033 0.003383386360559344 0.04157884000902668 0.851943966019281 0.0
2292 17.27056500681348 1.503799487007114 0.002889424858879149 0.012161104679767087 1.0815261152557805 0.3230288503111065
2293 15.948937243201918 1.3611453719203916 0.002789867110431059 0.0062605516420902105 1.274024381058013 1.1362578892291326
1294 18.757818144057442 1.7774767112491974 0.0034352996564922618 0.04467660390003732 0.8411371684958734 0.0
1295 18.188016440440723 1.6731279745684478 0.003118569292101461 0.025791116596666445 0.9287376773967286 0.0
1296 16.542745704831983 1.3425040676664233 0.0028176963150165187 0.007907129086967805 1.2436009825617023 0.0
2297 15.784924998094414 1.262081845322995 0.0027849054274279926 0.005967399333600576 1.4034813374961024 0.8848453294639278
1298 14.740657872012202 0.9217755103779671 0.002767863545939336 0.004962284584751359 1.7845458462952868 0.0
1299 16.573399879682533 1.3381661275685746 0.0028196924517487542 0.008025349913948774 1.2353547667442395 0.0
1300 16.520902693532896 1.3366342230890673 0.002816314862651974 0.007825320301919063 1.2484766994325471 0.0
2301 18.053405246594128 1.796333928547834 0.0030687662522512972 0.022825464441141273 0.8780414854009722 0.7798729238781008
1302 15.779930647841734 1.199953287017818 0.002784768069966971 0.005959286262694274 1.4384488781299747 0.0
1303 14.107754500893437 0.7878780189718346 0.002763935475552587 0.004731334499940516 2.055353500017731 0.0
1304 15.419486807217245 1.116862747359336 0.0027766222745230214 0.0054784370614250795 1.5462028908887513 0.0
2305 17.98870688011066 1.6677884707428359 0.0030473538291094222 0.021550852939246773 0.9520239185658266 0.37039052708245057
2306 15.017849819701121 1.0986566754278273 0.002770669104734394 0.005127480804046325 1.611726364473494 0.9477836786127454
1307 15.56823888321114 1.155921897874983 0.0027795944587574247 0.00565381556038101 1.5008245417073167 0.0
1308 17.58497086400102 1.528450152893622 0.0029435089920730427 0.015374023501874945 1.0317194364078797 0.0
2309 12.860964712671802 0.7057031308143301 0.002761049002448075 0.004562117769024521 2.6088693198148727 0.8746856537094121
2310 16.255642567657873 1.3683172764557452 0.0028019605878330744 0.006975673528704164 1.2821144080782116 0.8319521331670926
1311 18.75875499840638 1.854241759272611 0.0034360029233898998 0.04471857440502625 0.8418368186880947 0.0
2312 18.359824904889486 1.8292524725882926 0.003193975833016063 0.03028380385448085 0.8743762753721331 0.6304283773235952
2313 16.602625831081788 1.4899208319006199 0.002821659956240863 0.00814188712249868 1.1372461777266312 1.0032824830341784
1314 18.593905247130415 1.7802427212306353 0.0033228688995550985 0.037968673924110234 0.8655786182489422 0.0
1315 18.735266243581346 1.7767064612512855 0.003418589710574817 0.043679405874036105 0.8443052297061058 0.0
2316 16.01573154377624 1.280070339853838 0.0027921615769277448 0.0063961695519532055 1.3552193012347127 0.7189980857844012
2317 17.529861866656493 1.5679582874284146 0.002932613963756968 0.014726522389813777 1.0405905638711437 0.45203968477326767
1318 18.73503002419019 1.7813087110970505 0.0034184168891457072 0.04366909283429016 0.8443893778936282 0.0
2319 12.597266283391205 0.6963090952329675 0.0027608043327287746 0.004547818459663024 2.510563322759326 1.9428134502164895
1320 15.878835002589323 1.2156993565923777 0.002787635322637728 0.006128669804742913 1.4100859728380273 0.0
2321 16.626830111250804 1.3623914313861951 0.002823338471530494 0.008241316440274708 1.222493212132384 0.08350427636239288
2322 12.837192716055432 0.7201023123329365 0.002761023889962336 0.004560649532768901 2.6070951088077443 1.2258852979156452
1323 15.377217344280899 1.1125556566199377 0.002775863532825108 0.005433681440226544 1.5611408374429454 0.0
1324 14.638603330957293 0.8909983324963254 0.0027670297093148285 0.0049132202124377794 1.8231526003126441 0.0
2325 13.424546555805492 0.7664180212021425 0.0027618876183659108 0.004611203654654641 2.2555789703461846 1.4843807913372227
2326 15.24461032423925 1.112536057214982 0.0027737018542654352 0.0053062093798376 1.586022299530159 0.4713604860859464
1327 13.652162426255694 0.7304294741949111 0.0027624061774266756 0.004641595134677668 2.26798203418212 0.0
1328 18.34608138905875 1.6765245780512692 0.0031874000674382 0.029891918836647987 0.9025115112383838 0.0
1329 14.144885002217073 0.802514268133467 0.0027640976333264777 0.0047408574536128515 2.040356484687629 0.0
2330 17.505360789791997 1.6572112255644074 0.002927980266390493 0.014451175986022927 0.9939612138628956 0.8036511004463558
2331 15.178053524181458 1.0421956356480069 0.002772731193591295 0.005248990519788795 1.622035578563075 0.16017248516496324
2332 17.52466292060221 1.52555660864245 0.0029316201560509974 0.014667465769814418 1.0398059278598002 0.45456354026835705
1333 13.914245871132218 0.7531191954376405 0.002763190636474467 0.004687609747261078 2.1438981510053354 0.0
2334 18.264587386687623 1.8144926854649541 0.003150405440848034 0.027687571508654987 0.8467775991298094 0.7579911316307695
2335 16.88147229957664 1.484836504261176 0.002844024654989927 0.009467312067883319 1.1170840399115871 0.849119759514581
2336 13.611839886221567 0.7313275002109423 0.0027623045023489313 0.00463563436355098 2.2777076497555253 0.44667624988608645
2337 16.516877934163116 1.4019435858256446 0.0028160639564164722 0.0078104624543075835 1.2302001363734236 0.7371741676847974
2338 17.961539147504855 1.6722584890771368 0.003038811373709443 0.02104243023777502 0.9640001073303981 0.35870410562947164
2339 17.424089745099206 1.6214856136156697 0.0029134828374364503 0.013589857517855339 1.030122104658067 0.7418581383659616
2340 15.177749033873674 1.122315957186204 0.0027727269158283924 0.005248738382310646 1.589618750149323 0.9969332098053338
1341 13.894268947244607 0.7561862757955263 0.0027631224729671223 0.0046836098340782145 2.1550749954898687 0.0
2342 17.770626882276133 1.738207155213736 0.0029855342581902315 0.01787269232549919 0.8967059613104721 0.8580622416088144
1343 15.877928019466147 1.2219289468545211 0.0027876075717559335 0.006127030141694896 1.4112423271875791 0.0
1344 17.339731909337182 1.4775214572732713 0.002899757348969114 0.012774635929603102 1.0778686492682488 0.0
1345 18.535552661744134 1.7447025359752462 0.0032875360904313254 0.03586145064340429 0.8740969245015598 0.0
1346 16.08611039829988 1.2632473509267248 0.0027947706946128688 0.006550422179536206 1.355082222335757 0.0
2347 16.757101509959416 1.409316502403715 0.0028331904006557067 0.008825069664631407 1.1940246208975338 0.3121481501823056
2348 18.45013349389964 1.7700679340678007 0.0032397754655547513 0.03301374925486918 0.8675541722320025 0.21646908588251412
1349 17.6211079244659 1.5451085407789922 0.0029510241227837753 0.01582072489154283 1.0253918125097004 0.0
1350 14.775200398791835 0.9371863395435436 0.002768167883734974 0.004980196538255839 1.772265980469184 0.0
1351 15.256528916503177 1.0777504763045245 0.002773883380460437 0.0053169114966340825 1.6002292361998602 0.0
1352 16.434201423075848 1.3342448030921634 0.002811150511561671 0.007519547488745169 1.269912764346146 0.0
2353 12.141805581422675 1.6733192727465405 0.0027605189209335456 0.004531158141544005 2.9414492689519953 1.7263764384593405
1354 18.663983160580166 1.7089708588737762 0.0033684433615855714 0.040687309903911076 0.8538845378712209 0.0
2355 15.965529838871886 1.267348875283518 0.0027904212894408168 0.006293304328853572 1.373797007709729 0.5343638775192511
1356 18.57830560914402 1.7121239140874112 0.0033131977588642583 0.03739185180265928 0.8670565195968939 0.0
2357 12.826407446815788 0.7088467153819548 0.0027610127134379703 0.00455999612112205 2.3818612068697154 2.0026548842330767
1358 17.527079081809948 1.5143308542657623 0.002932081304796276 0.014694869214351931 1.0423000034209768 0.0
1359 13.746682750866638 0.733144005902007 0.002762663152505312 0.004656664040291246 2.22146797189927 0.0
2360 13.299318681363662 0.7136954623167012 0.0027616535443104966 0.0045974937129908845 2.420523381436889 0.9937718800675218
1361 15.499881738659287 1.1362098312576638 0.0027781675210034346 0.005569605520424473 1.521319364481641 0.0
1362 15.984921736267939 1.239192219409101 0.00279108204512453 0.006332358275988361 1.3816013792356878 0.0
2363 15.16909894820009 1.1214539115058317 0.0027726059940049426 0.005241611187397339 1.5563488372443746 0.8755414269720803
1364 13.50785257946576 0.7017364773406812 0.002762062381584313 0.004621443384348692 2.33166378466509 0.0
1365 16.77631512836124 1.3851216669323838 0.002834767937037689 0.008918566706837262 1.1929394994006408 0.0
1366 13.383237935039247 0.7086712379186165 0.002761806777782204 0.004606468075110969 2.3931846771882577 0.0
2367 18.935883164363606 1.9089720542288022 0.0035830313598921165 0.05349593840467358 0.8078696241015366 0.3981156310455521
1368 18.25398266964302 1.6942763471042337 0.0031458330436508987 0.027415166606937783 0.918131922020066 0.0
1369 16.71552267762082 1.3562907207525432 0.0028298897130146434 0.008629465889155443 1.2023575389529635 0.0
1370 18.195994138296218 1.677372670510316 0.0031217612255685255 0.02598123460533978 0.9274892370287322 0.0
1371 16.765341007044277 1.3902289961773229 0.00283386278296316 0.008864919491824576 1.1957533473165483 0.0
2372 17.316075126469674 1.6247638388979075 0.0028961336759687067 0.012559449717710627 1.0049569948480568 0.8680635177282905
1373 18.9073898538092 1.740464908481682 0.0035573842906145956 0.051964468749362655 0.8197662587213795 0.0
1374 15.149705906003703 1.0416605589476224 0.0027723390805331513 0.005225879934086722 1.6341095351069854 0.0
2375 18.565421285965375 1.8788847773909274 0.00330533544752358 0.03692293808298801 0.8422054839323703 0.39418589455043856
2376 16.01376349417013 1.2925793090100093 0.002792091508796838 0.006392027608636955 1.3547672969111928 0.7440292036175125
1377 18.89087604155168 1.926673702186357 0.0035428875465616477 0.051098889003034345 0.8238940253909715 0.0
1378 17.08066859080671 1.4501602051048899 0.002864820435543441 0.010700765378975331 1.1304313682511016 0.0
1379 17.562434008027058 1.5504766680580486 0.0029389726903718463 0.015104412065334374 1.0368685804928344 0.0
2380 17.783510514852296 1.7511905851924545 0.0029887849724078495 0.01806603246680717 0.8965081328220259 0.8540974267185772
2381 13.069700087251688 0.7055540796355136 0.0027613004698247893 0.004576826301698781 2.5244553278461477 0.48500730509156487
1382 17.360427989102778 1.5071990069717043 0.0029030065775588333 0.012967601201278423 1.0750524938691515 0.0
1383 15.476714149304733 1.1452679961421461 0.002777707978400616 0.005542490184850039 1.531071288290245 0.0
2384 17.30201215237134 1.5838487559979113 0.0028940242654855075 0.012434193865167698 1.0547625644289138 0.7446093566670022
2385 16.60204658652178 1.462261285532029 0.002821620337373455 0.00813954034221342 1.1654802878910788 0.9378440068533294
1386 18.565554322078974 1.7620420949378535 0.0033054160554485484 0.03692774548896113 0.8697076017387547 0.0
1387 16.301451619969612 1.3048388080919 0.0028041472702206717 0.007105053702635497 1.3022074006587536 0.0
2388 17.170659910699506 1.4873134364385565 0.0028758349846081657 0.011354389406201154 1.10703191062427 0.5445325434311172
1389 17.51103633275229 1.5293368455984329 0.0029290424383908308 0.014514290945375229 1.0459656374154003 0.0
2390 16.274465785599816 1.344082492311996 0.002802845658517766 0.00702803831953074 1.2848422201100578 0.7498555414414344
2391 18.466264357568676 1.8478071070556352 0.0032484510088897794 0.03353096038544301 0.843317966277204 0.5482862960742543
2392 15.349461294455857 1.1314934348972259 0.0027753843448741467 0.005405419202505026 1.5543618476231118 0.6277873432167138
1393 17.290469051132803 1.4670048724074767 0.0028923172928508383 0.012332839103819049 1.0872751587214189 0.0
2394 16.746179135848436 1.4388213555753737 0.0028323085191231867 0.008772805265534861 1.1788360696979172 0.6323702693519998
2395 11.884305398851446 1.8737496444425097 0.0027604111192846307 0.004524873519676059 3.0682963430012493 0.07963768702369456
2396 18.74444764488433 1.9141049197853095 0.003425342220843037 0.044082365440607216 0.829283612702063 0.5187054821088926
2397 18.300043456269673 1.786943229439828 0.0031660900942111886 0.028622074744979232 0.8509238808656457 0.6721172427240946
1398 17.66212534609133 1.5496667604905894 0.002959927953664809 0.016350042008908525 1.0176926243706248 0.0
1399 17.891456630037393 1.572725867332399 0.0030179296192138078 0.01979981578366087 0.9769331718040275 0.0
1400 16.068931015754405 1.2669635577972227 0.002794114864538548 0.0065116455800188116 1.3605665485140075 0.0
2401 14.809461755029812 1.0243817520332696 0.002768481506389851 0.004998657163425268 1.6777757136928468 0.6281756180558887
1402 17.80575119305613 1.5885780740010993 0.002994507275912162 0.018406394163041562 0.99226224503752 0.0
2403 15.985558627653248 1.2521630652801616 0.002791103988846007 0.006333655304041379 1.3770961433369284 0.33514202512210534
2404 11.854446127844747 1.9584234729342018 0.0027604004991438552 0.004524254708647054 2.8993472436961425 0.385848348152346
2405 13.291759175479195 0.7007621366214034 0.002761640429660856 0.0045967257564632135 2.4285615573705712 0.7025688761909346
2406 16.986181566119697 1.5326668426098806 0.0028543817822917835 0.010081514442746624 1.0978777222731086 0.810473324476095
2407 16.958436816225117 1.5197426549477429 0.0028515190690151303 0.009911726565709841 1.125163870447637 0.7786280544740881
1408 14.491763904479047 0.8574167935167049 0.002765984302662979 0.00485173307281876 1.8844762670819004 0.0
2409 12.01064135057183 1.8378839901499917 0.0027604601651746935 0.004527732099744783 3.033004651658954 0.9182489397237865
1410 18.593984611108347 1.7702599516407387 0.0033229185318458276 0.03797163425545251 0.8654316753555577 0.0
2411 12.398379860731929 0.7346164424846511 0.0027606618399869916 0.004539497482297891 2.728332784062923 1.556001626953946
1412 14.444476680812302 0.8535168231561581 0.002765682367030509 0.004833980381022335 1.9061393294406217 0.0
1413 17.1070046151227 1.4491473123249006 0.002867930659448839 0.010885311054560426 1.1247184412378899 0.0
2414 15.833936191356525 1.339723494089142 0.002786294588200166 0.006049458407611261 1.3009325942148293 1.1552264899509286
1415 15.731303316259407 1.1931457352366073 0.0027834697918845373 0.005882610057937285 1.4527406192557086 0.0
