# Binary systems ID's begin with a '2'
ID Gmag (G_BPmag-G_RPmag) e_Gmag e_(G_BPmag-G_RPmag) M_ini1 M_ini2
10 18.590056086329618 1.754130600919796 0.0033204669749363007 0.03782541146078158 0.8538179284428956 0.0
21 17.130850192721127 1.5375822215704298 0.0028708263669494586 0.011057143336315547 1.0542540873399604 0.7961909231894534
12 15.608011598102086 1.1573917766797615 0.002780475969663305 0.005705847221822268 1.4755580105693638 0.0
13 16.79968835278961 1.376005259227869 0.0028367329638710227 0.009035038063201075 1.1710030569473617 0.0
14 17.010131253325117 1.4158619150822807 0.002856924895684077 0.010232360349727732 1.1286627548896386 0.0
25 17.536501548162708 1.6629804569832043 0.002933891552836676 0.014802444164946128 0.9369595748252132 0.8535007147423616
26 17.317292138081125 1.611233149953964 0.00289631777908078 0.01257038196783438 1.0012599779518518 0.8392884353392127
17 15.491460039171551 1.120879577382804 0.0027779991015452962 0.0055596676682751565 1.5097103315836249 0.0
18 15.55176732301659 1.1320598738267182 0.002779240643248235 0.005632933456777133 1.490298947084937 0.0
19 12.329988169558249 0.8453786344518055 0.002760619677992609 0.004537036569722053 2.7069789828336273 0.0
110 14.325584404289025 0.8215696744416704 0.002764989750318845 0.004793268695685904 1.9300244599401735 0.0
211 12.597289302819949 0.7667240801801001 0.002760804351110789 0.004547819533452784 2.5855684251150923 1.5987145687612674
212 17.521779111052375 1.6407774294473803 0.0029310713701590978 0.014634854848859655 0.9970684529618881 0.6661653546804549
113 18.830083553082357 1.8295090301675356 0.0034917551112984852 0.04804625148515915 0.8202714402249079 0.0
114 15.498587355323119 1.1164965366169866 0.002778141532957599 0.0055680720363930035 1.5063973055099686 0.0
115 16.180735231828557 1.2704494749048416 0.0027986162521414387 0.006777839365805949 1.3184897951727275 0.0
216 15.93723415475937 1.2866712409320538 0.0027894823364104974 0.006237812125377301 1.3445149674221484 0.7939613541055649
117 17.85569692055169 1.6070992853107773 0.0030078850411149934 0.019202201813414133 0.9708410075310974 0.0
218 15.43277538521904 1.255526352504255 0.0027768682632599954 0.005492948502985123 1.3968574320743026 1.2074244885224503
119 13.002160664884633 0.7249237420469987 0.0027612126402794942 0.00457168788380968 2.4921294261364655 0.0
220 14.810744694819292 0.9930641309259639 0.002768493483701715 0.004999362221664308 1.6778994784136747 0.661922908115265
121 16.297446016087275 1.2957575648872712 0.0028039515919844283 0.007093475109292669 1.2884519511754502 0.0
122 16.741149774773366 1.3613780070794306 0.002831906029247012 0.008748952506300502 1.1835684754532128 0.0
123 17.155087599469844 1.4235365120229124 0.002873849346730578 0.01123654298707752 1.098978648126921 0.0
224 18.725640515167953 1.715960166159228 0.003411584000707872 0.04326135014937746 0.8320051550858188 0.1294733305172645
225 15.90101537618835 1.2651188386815495 0.002788322752040636 0.00616928826118858 1.3677838511234353 0.6195996312152035
126 15.109967885548434 1.0080476256236608 0.0027718097949444593 0.005194688276909894 1.6290147419056507 0.0
127 13.128093815538312 0.7142705950676056 0.0027613819045937313 0.00458159163760947 2.443763310549797 0.0
128 17.43648651180444 1.4908513377200687 0.0029156104911202004 0.013716249881733786 1.0453608864188793 0.0
129 16.07696513281158 1.2513986781499944 0.002794420012267544 0.006529687452221963 1.345199335371253 0.0
230 14.818804821900802 0.9776369103965197 0.002768569123568077 0.005003814921770183 1.7117519684787024 0.7797416103170574
131 14.969168944885345 0.9708966121170556 0.002770111827098391 0.005094655076006336 1.6782212443310205 0.0
232 17.4769718865352 1.521040984528343 0.0029227667108066334 0.014141401339400502 1.0214754291351278 0.4739610727950583
233 13.559362310432098 0.8021634402026058 0.002762178820059357 0.004628267338431369 2.086221297637439 1.7505353679755888
234 15.852371391351808 1.2143583469166699 0.002786837004821313 0.006081503217143125 1.401053477443273 0.12509742065949525
235 14.035403251664272 0.8441083191570147 0.0027636380881562225 0.004713873287983451 1.9605398368205382 1.1085878185361726
136 18.293383117273173 1.716046761229574 0.003163096440075755 0.028443701765299017 0.8990340605735637 0.0
237 16.42222852216118 1.3599452574678341 0.0028104756478122815 0.007479596850571991 1.231416392042872 0.6414515212985801
238 18.56864486239544 1.8009781150191528 0.0033072920027214744 0.037039626432029085 0.8504704964501911 0.36728855280879824
139 14.98678127354177 0.9757007299161432 0.0027703099741214006 0.0051063260357837046 1.6716747382406247 0.0
240 13.934168724037814 0.755225156016677 0.00276326013924453 0.004691688532671556 2.1005605065449373 0.15056083568437112
141 17.244456480500336 1.476614692207335 0.002885726503844874 0.011941537297306015 1.0834048068597315 0.0
242 13.91464906811228 0.8391996761805129 0.0027631920278653114 0.004687691398560402 2.028777341548035 1.3653020804940679
143 18.954201358368437 1.8092468288728907 0.0035999537568857203 0.054506511627216876 0.8025788169619266 0.0
144 16.72936874530427 1.3595411658135743 0.0028309719756765086 0.008693599300329447 1.1862538916262904 0.0
245 12.333570413553538 0.7704958397780342 0.0027606218077544376 0.004537160865541628 2.625707609854015 2.089150180084178
146 17.69639616703123 1.5407775909535693 0.002967684847029079 0.016811235953861556 0.9976424914449247 0.0
147 17.349060001224682 1.5047366827007094 0.0029012125882600763 0.01286105800183034 1.0635426244932216 0.0
248 16.73180596069047 1.4159252259942132 0.0028311642073467432 0.008704991008869702 1.1743492702476683 0.62027567980803
149 18.322389560597415 1.7145741390479325 0.003176297518583027 0.029230301563332926 0.8943953135941802 0.0
250 17.185866211812137 1.4966748124493123 0.0028778073928306096 0.011471456913024454 1.0801519321624118 0.625976261478185
251 17.778725204206903 1.6681498859296373 0.0029875721382406524 0.017993896683042594 0.9400852821481993 0.7427781648479724
152 15.612149757071416 1.1453874256953338 0.00278056994411718 0.0057113945355690005 1.472253163639819 0.0
153 16.964518909110087 1.4009767470544217 0.0028521390905653595 0.00994849872747409 1.136521577042315 0.0
254 16.097801697772134 1.285195443404699 0.0027952242278909854 0.006577239125384213 1.3126683233249474 0.5404382802880123
155 17.528438018942587 1.4993279618246302 0.0029323412161701497 0.014710314368870134 1.0280438623627015 0.0
156 15.272652678264945 1.0580232991997935 0.002774132810996472 0.00533161772069134 1.575659793133311 0.0
157 13.992162363598267 0.7677917112187989 0.002763471438274814 0.004704090353594599 2.0767316664540307 0.0
258 15.95344162960017 1.2865196166699553 0.0027900165442680427 0.006269383186359445 1.3448663123214621 0.7501963394313025
259 15.883796064296915 1.314338352667677 0.0027877876116704846 0.006137667906110034 1.3040875551748177 1.014097604308025
260 16.641993173515424 1.4239475298842914 0.0028244132301731926 0.008304985694057253 1.1388587081663877 0.814027792038522
161 18.35045918506208 1.727016577295515 0.00318948379229395 0.030016097110661465 0.8902486021337171 0.0
162 17.397793438439688 1.4991647784795459 0.002909065474061717 0.013327463517116462 1.0534609622204028 0.0
163 18.588827932798424 1.7690011310756122 0.0033197027510806143 0.037779829836387335 0.854205863068329 0.0
264 12.801544013647653 0.7327359798616847 0.002760987452672949 0.004558519395630521 2.5613445660423273 0.30184798282397
265 16.650322598176466 1.4330240907073224 0.0028250113716107856 0.00834042134444078 1.177748950876561 0.7553372605014216
266 17.836764020250893 1.6354915842833027 0.003002726372171218 0.018895310001634993 0.9692231051959374 0.32999718512656556
267 18.15909919865568 1.7044379692571896 0.00310723359889057 0.02511598290981129 0.9008784606427697 0.6001840657603624
168 15.095255498062635 1.0029644402559934 0.0027716196878413055 0.0051834860221190715 1.6337784292446995 0.0
269 16.201058406699218 1.3193677618390027 0.002799496267914404 0.006829891670944678 1.294019881349366 0.7573637631230058
270 18.489940171824145 1.7248265597697239 0.003261469347194101 0.03430713031160241 0.8642676369227185 0.1867164342450932
271 18.884506834679858 1.8114766333344423 0.003537367002137275 0.05076927836175342 0.8077501166682182 0.2032423429407999
172 16.321056049680056 1.2929050396281527 0.0028051176322073205 0.007162473931341786 1.2818273869328867 0.0
273 13.585169200140632 0.7216354147765528 0.002762239711189227 0.004631836380626923 2.25118291130953 0.5689246699294145
274 15.30755083782709 1.190864349958055 0.002774688226666057 0.005364367495663891 1.476087530224964 0.9362332767987326
175 13.601064823090727 0.7187067985256225 0.0027622780950788965 0.004634086357436213 2.2444256757931997 0.0
176 18.003243538773674 1.62506020317148 0.0030520316641216775 0.021829284530412194 0.9450364967445692 0.0
177 18.60966329276519 1.734971685093846 0.0033328099405547096 0.03856162619073982 0.8505648743908892 0.0
278 17.86300821347842 1.5781937230339207 0.003009906385335932 0.01932245806999804 0.9671739651633807 0.09642995205388656
179 17.945737190017 1.567969935690597 0.003033960038858095 0.020753714157117527 0.9536958848060928 0.0
180 18.84207307873101 1.7350050077126031 0.003501567927222249 0.04863203222735085 0.8176164373577024 0.0
181 17.035841089487796 1.4202228823185916 0.002859731294357036 0.010398837508779582 1.1235171108556303 0.0
282 13.936652842343157 0.7605177985773995 0.002763268913709684 0.004692203484079465 2.1001877011390224 0.2016602953979167
183 18.303286449276936 1.6509380211059426 0.003167555777365153 0.02870940706704984 0.8963019350021482 0.0
184 14.226677810550598 0.797806586051029 0.002764479345012561 0.004763278704249734 1.9731285895221473 0.0
185 17.60832643688534 1.5331847693671115 0.002948331503193083 0.01566066842327882 1.0140904510012567 0.0
286 14.723191544182477 1.0766898309152433 0.0027677140482559232 0.004953486621232982 1.6342596063931225 1.3187577512847752
187 16.93126504467725 1.4125817449562899 0.0028487997283566688 0.009750457526288583 1.143535149909959 0.0
288 18.16673601843585 1.6532244666344773 0.0031101919633634138 0.02529217126716753 0.913791250856499 0.31576536770825275
289 12.123723823781376 1.8088240817248977 0.00276051030337883 0.004530655556877137 2.876792028108453 0.712569803984073
290 14.181590897603012 0.7902077939587303 0.0027642646492528006 0.004750666967696223 1.9886668403766765 0.23508016273946625
191 18.513799068039706 1.7461477033567625 0.0032749394436554454 0.03511030096843325 0.8653929949905325 0.0
192 12.477642015172362 1.793676065662028 0.0027607148852453484 0.004542594425558935 2.785941152061193 0.0
193 16.324436338658753 1.2865676909001342 0.002805287093683821 0.0071725020489928895 1.2802595805466792 0.0
194 12.504694826881597 0.7920492015052671 0.0027607340861449895 0.004543715637470669 2.655368218787594 0.0
195 18.243609336369364 1.711443118822526 0.003141412238792708 0.02715180256252171 0.9071192308348837 0.0
196 16.78825380002943 1.3721942505476232 0.0028357652646151137 0.008977679270007564 1.1733458669534103 0.0
297 16.678719633051852 1.4371211896093523 0.0028270926970140908 0.008463733054053247 1.1762614450119226 0.71956705255425
298 18.863529754537876 1.923572870579896 0.0035194587913389207 0.04970009809624414 0.8126365563964705 0.3021438772714769
299 17.95544795653946 1.6167358137553542 0.003036931230566523 0.02093053594527918 0.9471923606435916 0.41945181842467666
1100 17.42769342618313 1.4855868347918801 0.0029140983175934207 0.013626419295062052 1.046872570253908 0.0
2101 14.393104692050489 0.8467147648459926 0.0027653718390818816 0.004815725620083142 1.8932814964279407 0.7440279149026252
1102 17.333495975760712 1.4702139764480289 0.0028987928836933276 0.012717360928165368 1.0651057659626084 0.0
1103 17.630427223336426 1.5203751208576137 0.002953011625696967 0.0159388718833355 1.009436772695923 0.0
2104 17.22857362057215 1.4759027332035815 0.0028835285763872194 0.011811058233133356 1.0766416544526487 0.4671783161341714
2105 14.735461702388058 0.8993460841649727 0.0027678187673302775 0.0049596493002202514 1.759393075458937 0.1888552268516564
1106 12.564125122617368 0.7732001377526306 0.0027607783497636813 0.004546300745467229 2.636361666603088 0.0
2107 16.332561983443277 1.3792461070649022 0.0028056970640334246 0.007196763097850518 1.2007492527785113 0.8813582695843116
1108 16.550510060154267 1.3303040652344265 0.0028181955021486034 0.007936692167955055 1.2281781587125147 0.0
2109 12.760800878760673 0.7210922835290259 0.002760947537954314 0.004556186276117621 2.4025525696174066 1.8570998952753532
1110 13.542807754309319 0.7218054041163058 0.002762140669065092 0.004626031340019011 2.272653677600858 0.0
1111 17.428397888781486 1.4804911955905233 0.0029142189224699694 0.013633583720373463 1.0465186955302574 0.0
1112 17.62326769085253 1.5336256572723896 0.0029514829001348877 0.01584799654376894 1.0112644539603006 0.0
2113 18.381484750973605 1.7426924711140175 0.003204545285584601 0.030913732830122914 0.8575046024818711 0.472321017654421
2114 15.470862024237142 1.1655108936903462 0.002777593757597595 0.00553575092122842 1.4805168114340514 0.36122105554690764
2115 14.388357977660863 0.8658879874231478 0.002765344031180628 0.0048140910597467435 1.87523303519087 0.6072945008936501
2116 16.82831838028616 1.4612429030669634 0.002839210531206404 0.009181902076863556 1.1142798478363594 0.7991344555548054
1117 16.333072348571513 1.2988399585174606 0.0028057229376954097 0.007198294261223089 1.2792317446817663 0.0
1118 13.931386819227429 0.7556465244503539 0.0027632503416366726 0.004691113540838744 2.103027726884941 0.0
1119 17.74330096727141 1.5658722018465512 0.0029787916785604025 0.01747169722586346 0.9898532477461324 0.0
2120 13.021283953452638 0.7347551593852792 0.0027612368433194705 0.004573103747955051 2.471083856787335 0.8117828624468857
2121 16.01667561852978 1.3053804160432683 0.0027921952430788512 0.00639815967204301 1.326667348377368 0.8789464781726894
2122 15.15690959920461 1.0417242694452247 0.002772437556755112 0.005231683767860634 1.6019221504168677 0.33763117123769737
1123 18.393829961368986 1.743472551937581 0.0032106842277791403 0.031279629326053174 0.8838041668243852 0.0
1124 13.967351624601514 0.7622800057415752 0.0027633793716818323 0.004698686361831325 2.0873707147560987 0.0
1125 15.03145316017137 0.9847156398108895 0.002770830294848397 0.0051369765228830525 1.6548072523249955 0.0
2126 15.035943941443463 1.0215528901389828 0.0027708840446592008 0.0051401430266908195 1.6374940123162618 0.48171889433441356
2127 18.04764838566307 1.750632684290472 0.0030667979702886346 0.022708287212264328 0.8686929430508068 0.7697600284230403
1128 15.391230666212646 1.096435820331504 0.002776111135273452 0.00544828595149677 1.539339977795191 0.0
2129 14.227735384176809 0.8768972871780337 0.0027644845112251813 0.004763582203927319 1.9227815158515742 1.0902175547289277
2130 16.7694340692859 1.4230987236127677 0.002834199091949673 0.008884851815737716 1.1649464300445136 0.6223349232914743
2131 16.895780753281674 1.4470227211054603 0.002845369876938853 0.009547074135293949 1.1363398314458542 0.6961394244267051
2132 16.93176333810966 1.5353932946617188 0.0028488488619307006 0.009753371230817317 1.0568573026698576 0.926719355039908
1133 18.92206652986225 1.8657561977866257 0.0035704934677974727 0.052747241277486034 0.8076393706990889 0.0
1134 15.239349101966612 1.0440001291358652 0.002773622484853824 0.005301530191098442 1.5854864363865504 0.0
1135 17.112509325050272 1.4301052948363937 0.002868592333087867 0.010924573738494783 1.108123956263013 0.0
1136 17.160178271930633 1.437604912072524 0.0028744946861599327 0.01127484279563203 1.0986711990579892 0.0
2137 17.11878008427632 1.4317455821123968 0.0028693510346804152 0.010969594831410948 1.1058314263107107 0.23159701902299523
1138 18.415100337123338 1.7065513661661307 0.003221460980955003 0.03192198867605609 0.8799528636547643 0.0
2139 17.455005519557425 1.5320188419171525 0.002918843999906906 0.013908345428446448 1.0369145097067187 0.31829748441709
1140 17.77517821522507 1.6008857631970461 0.002986677308487694 0.017940675630554972 0.9851525848312265 0.0
1141 18.74727593657624 1.8257630013912096 0.003427436220305102 0.04420732855337734 0.8319481644109681 0.0
1142 16.775380763309855 1.3730516514065005 0.0028346904392800277 0.00891397344327165 1.1763566779533108 0.0
2143 16.471306045437103 1.3420605060673938 0.0028132998959030714 0.007646797815601896 1.239144424828092 0.43178952281361
1144 18.34985910898727 1.7342436990496808 0.0031891975707894994 0.02999903980802161 0.890460243025707 0.0
1145 18.84322350630317 1.8633964001255843 0.003502516385558292 0.04868865219161136 0.8187590623002807 0.0
2146 13.549916033548858 0.7280337360895072 0.002762156964596857 0.004626986391996392 2.2701112637108793 0.18854058053010447
1147 18.902917476682003 1.834507441816951 0.0035534318864469923 0.051728471460468904 0.8100409753504167 0.0
2148 17.816253570335945 1.6875123485709238 0.00299725898413891 0.01857007461903808 0.9408075390731753 0.6720810780431378
2149 14.88595657640801 0.937196485850435 0.0027692263472646286 0.005042508890971438 1.7033874252043095 0.38691173406304946
2150 13.946468388519413 0.7915163927525052 0.002763303822324778 0.004694252227206148 2.0417607531330533 0.7363874816533575
2151 13.52785759173662 0.7313404542391186 0.002762106813395346 0.004624047195690073 2.224578917394733 0.6319163799259513
2152 15.835501031122103 1.3331765021232387 0.0027863401999635687 0.006052152973398457 1.2714947975771729 1.17282648015183
2153 15.85222650043938 1.210189636872781 0.0027868326982473123 0.006081248785938885 1.404828399895462 0.031232337510139957
1154 13.793594352968737 0.7467480355395725 0.002762801070650502 0.004664753469733487 2.164927890344859 0.0
1155 17.67615865184005 1.5545701403307686 0.0029630685954119174 0.016536765417796116 1.00193658390969 0.0
1156 16.639084437314054 1.3476722976178412 0.0028242056526945774 0.00829268843670558 1.2076125211271618 0.0
1157 14.299767340967486 0.8128198944708451 0.0027648510655662074 0.004785118955699738 1.9403821651273785 0.0
1158 16.414977072418157 1.3005184655378026 0.0028100712573268624 0.0074556585105912026 1.2583097838632513 0.0
1159 13.772084934730614 0.7385485172265177 0.0027627369408030865 0.004660991843724348 2.173008497122636 0.0
1160 14.77440763063782 0.9217195604584539 0.002768160767263122 0.004979777670337668 1.7479311447433061 0.0
2161 16.321097315082948 1.424345260135378 0.002805119697099247 0.007162596123472976 1.1425752542982415 1.0887849836341117
1162 18.07414188152818 1.6669476249005246 0.003075961425810283 0.023253832649249472 0.9341864595688434 0.0
1163 17.615787247053856 1.5462919574786083 0.0029498985911364088 0.015753819433212853 1.0131378924464403 0.0
1164 18.54946425557761 1.707218134562339 0.003295752841785431 0.03635145343034264 0.8593843503359739 0.0
1165 14.809923224382036 0.9255527531375956 0.0027684858126246267 0.004998910654526399 1.7333931264999178 0.0
2166 18.396810667024937 1.790064972448391 0.0032121791165721173 0.03136873085099276 0.8526436897254263 0.5359062681394597
1167 17.498386503892934 1.5065412988876226 0.0029266841759695694 0.014374163132412316 1.034054257720223 0.0
1168 14.849577697343166 0.9358447044250423 0.0027688642217738985 0.005021187676482207 1.71788118492572 0.0
2169 15.621075112914244 1.2932237528688135 0.002780774109280755 0.005723446682735847 1.33456468938964 1.1965466088343464
2170 12.10778610273971 1.802860052175341 0.002760502849891455 0.004530220887519814 2.8782152222047954 0.9293343680739743
1171 16.79488100698668 1.3728381719520495 0.002836324622629324 0.009010834025040805 1.1718753922200242 0.0
2172 15.395734013166654 1.2165058839532126 0.002776191527332234 0.005453027925751151 1.4631614724631115 1.0965103465032549
1173 14.929723790455295 0.9582273486265831 0.0027696818701191655 0.005069332892963137 1.6905584430589444 0.0
1174 15.465810940181077 1.1180413972436292 0.002777495766820439 0.005529969372244323 1.5183410592130213 0.0
1175 15.636619295411412 1.151601883423158 0.0027811345483016504 0.0057447247938847475 1.4651884089032048 0.0
2176 15.471786961857035 1.198304919347261 0.002777611760993785 0.005536813149735108 1.4618892251145519 0.9674235521355052
1177 15.615307081518914 1.1504941857979043 0.002780641935746415 0.005715644256629428 1.4720319580887717 0.0
1178 14.117173529777455 0.7723184078146142 0.002763975979545217 0.0047337130409426526 2.0186423919419862 0.0
1179 18.700166573504386 1.8674714831334551 0.0033934013159944263 0.04217639039674614 0.8391057285445388 0.0
1180 15.006305403669735 0.9817110320754002 0.002770534209748766 0.005119534480068769 1.664622724930478 0.0
1181 17.30142217631374 1.4573087091474846 0.0028939364889722886 0.01242898186803476 1.0709620748464015 0.0
1182 12.492587960425043 0.7985715952017252 0.002760725421832367 0.00454320968300291 2.6596143341364535 0.0
1183 11.197493838573928 2.0435955510343247 0.002760237402054327 0.004514761446296787 2.938434182796795 0.0
2184 18.253284400721714 1.7134639733196908 0.0031455338600355686 0.02739734280984322 0.8784181484898113 0.5838828727696224
1185 14.765381338160816 0.9156838401607722 0.0027680801810902995 0.004975034535233578 1.7504346645676552 0.0
1186 16.612039487792806 1.3359221704859379 0.002822307414215385 0.008180239254553107 1.2133660366351284 0.0
1187 16.440268429260627 1.3151486438507745 0.0028114959268647852 0.007539996051688256 1.253282261037814 0.0
1188 14.64944258533237 0.8822439780011202 0.002767113850548616 0.004918170425444298 1.7959680303504684 0.0
1189 18.83011431141125 1.7876698195173142 0.0034917801185334095 0.04804774427292786 0.8198378442216339 0.0
2190 17.941797608338376 1.637736338388722 0.003032763761585885 0.020682522902887357 0.949886231386214 0.416505677516944
2191 14.463012065001882 1.0310421535461594 0.002765798831217834 0.004840827695670885 1.683267291833945 1.5126513128711085
1192 14.892821703157319 0.9439747301898226 0.0027692963417893252 0.005046630334592269 1.7030020397151304 0.0
1193 14.959013104318545 0.9667772972394207 0.0027699993194867626 0.0050880286409831854 1.6816835552129537 0.0
2194 15.321193238485955 1.092902205368804 0.0027749112732546404 0.005377520418141911 1.5588360310437734 0.425866829281725
2195 15.449090023514936 1.2049697608334806 0.002777175277876132 0.005511060933669581 1.4622779482537143 1.006864800716493
1196 18.172626517336436 1.635913620923422 0.0031124910464241477 0.025429098677281863 0.9173124539840425 0.0
1197 15.619018702336065 1.1581603587255005 0.002780726889753371 0.005720659216640525 1.47203728298535 0.0
1198 17.53220838653774 1.5079473387417965 0.0029330643980353148 0.01475328961491168 1.0276532754172718 0.0
2199 15.139378843905945 1.0264244143599337 0.002772199275042196 0.0052176405529046725 1.6197295084475778 0.25483149156782614
2200 17.409321737895727 1.510992043008594 0.002910986166394172 0.013441550831300164 1.0405292019194934 0.5006635034222059
1201 18.15083271973668 1.600378660121069 0.0031040594839107935 0.0249269505377654 0.9201609981262138 0.0
1202 15.18716707924361 1.0319957739984043 0.0027728599015401758 0.00525657687515508 1.6023559701180767 0.0
1203 17.364536529558084 1.4641763029446497 0.002903660544202935 0.01300644065797064 1.0585929229589022 0.0
1204 17.182227490993753 1.4353918569372426 0.002877332376876273 0.011443262928334788 1.094017556144778 0.0
1205 14.46926641756071 0.8407368055061266 0.0027658386738314876 0.004843170275328853 1.8675639532059394 0.0
1206 12.302282477791367 0.8546763980335677 0.002760603489278714 0.004536091825319004 2.715178387141911 0.0
1207 18.111106174878188 1.6012299828111647 0.0030892057205375335 0.024042417563293044 0.9266855858638438 0.0
1208 15.324179305926089 1.0788317269124785 0.002774960546671636 0.005380426125535068 1.560228290509574 0.0
2209 14.321339068124605 0.8153443402649649 0.0027649666709216245 0.004791912395924613 1.9270464818720865 0.1751977162614454
2210 16.108151197353695 1.3175070057399907 0.002795630655530641 0.006601271684446061 1.295250149236553 0.8498928332746969
2211 12.9541114022768 0.7415682903824382 0.002761154049459361 0.004568260751838954 2.490125799234699 1.17734260798494
1212 16.25522150832288 1.2711668320789178 0.0028019410004657013 0.006974514690205358 1.2975082005576783 0.0
1213 17.314678362506246 1.4897395176398636 0.0028959226874764213 0.01254692104032815 1.0698037171686583 0.0
1214 13.983260491711995 0.7636903616402013 0.0027634381132608287 0.004702134236375105 2.079921098680344 0.0
2215 13.423095433981029 0.709304249115607 0.002761884715201305 0.004611033577808991 2.3203818043911517 0.07656119689607838
1216 16.77622837539461 1.371969667274187 0.002834760738216526 0.00891814003472896 1.1760836197774376 0.0
2217 18.166957660750313 1.818995543822402 0.0031102781989774783 0.025297307185508783 0.8703921088625115 0.7121275218702326
1218 15.37995099958946 1.0922282079624475 0.0027759115317737147 0.005436512540685223 1.5416872237614085 0.0
2219 18.55017726335117 1.766438923447365 0.0032961774045887045 0.03637677271057502 0.849911847353713 0.4030447901340467
2220 15.535466335558258 1.1603403407906554 0.0027788968096528386 0.0056126416387610335 1.4735652876135328 0.23663919523818738
2221 15.137424938227506 1.020900520909368 0.0027721730035044924 0.005216092283334076 1.6195379413380957 0.2167619963670789
1222 18.57158833817429 1.7150834325620723 0.003309084681980444 0.03714654241612075 0.8561130378858568 0.0
1223 16.94747163077625 1.411151452490376 0.002850411786910546 0.009846057958291882 1.1402475191359012 0.0
1224 14.573667598898071 0.8721617904856199 0.002766546315344377 0.004884784793182767 1.8286016926032398 0.0
2225 18.29920758370001 1.7679965237535056 0.003165713173711122 0.028599616201307916 0.8794552284968815 0.4861627052248575
1226 18.273696609457588 1.6788913120985343 0.0031543762796538235 0.02792414609924425 0.9015640445050495 0.0
1227 18.891603479372773 1.971280482353594 0.003543520546793068 0.05113668349685789 0.8129698402891018 0.0
2228 12.69832307107728 0.7196767631082663 0.0027608897351903664 0.004552808157108568 2.3841900338881725 2.253944871734507
2229 15.004546931593644 1.0175538483842366 0.002770513813674565 0.0051183330265092385 1.6461382366009738 0.700130642618755
2230 15.930681042539073 1.2907584346266106 0.002789269058555248 0.006225208152355283 1.3443340896451967 0.8164922591450229
1231 16.77544615853051 1.37528700941087 0.0028346958606477943 0.00891429476525807 1.176504611797305 0.0
2232 18.15920412265062 1.6606981027808059 0.0031072740746772866 0.025118393454212618 0.9147767068301604 0.35503335846288103
1233 16.067627116314526 1.2523454110903254 0.0027940655969240637 0.006508732677577494 1.3480131873108578 0.0
1234 15.798260876413108 1.1984947530100585 0.0027852759555326845 0.005989285415746797 1.4205597093690032 0.0
1235 16.593087781541957 1.3371199271211665 0.002821010813741895 0.008103436473839796 1.2181788543965066 0.0
1236 14.682797567330779 0.8946165075782195 0.0027673792230570064 0.004933784075003583 1.7833529019497671 0.0
1237 17.629851270521918 1.5298026267832456 0.0029528881961410226 0.01593153450950656 1.009878321317434 0.0
2238 18.07008510725957 1.650695902157883 0.0030745407360894548 0.023169248745721703 0.9287598577801498 0.42774249555655847
1239 16.85626181219953 1.3769257478691435 0.0028417058902862405 0.009329835279241168 1.158151548853393 0.0
1240 12.523711501873338 1.8098824572501298 0.0027607479330105083 0.004544524272053244 2.7616390991583426 0.0
1241 18.09048200426323 1.6547197704615924 0.0030817490566859237 0.02359842428886129 0.931221029353994 0.0
2242 18.24892519119684 1.7999052059841447 0.0031436713314626054 0.027286384060252918 0.8764514264289861 0.6651532367188495
2243 15.72050227669783 1.1866278956121377 0.0027831908181647105 0.0058661356043644575 1.43200237705942 0.3730508060689075
1244 16.834343617441068 1.3841144588694863 0.0028397420544103553 0.009213411336242996 1.1636528459673916 0.0
1245 15.784420912573827 1.194889297817638 0.002784891529169823 0.0059665784212746395 1.424313031785671 0.0
1246 15.57520254852694 1.1493397773145806 0.0027797459995897544 0.005662759826264659 1.485130591673286 0.0
2247 17.981395306135322 1.6650837077952538 0.003045029401892096 0.021412504885791408 0.945376170469515 0.3405214214024635
1248 18.165510008310434 1.6493367388799753 0.00310971533621861 0.025263784944816854 0.9187516476839259 0.0
2249 15.335701244609757 1.085554634687027 0.002775152211311107 0.005391729084710831 1.553078407014727 0.5274496180874092
2250 16.931695262942743 1.527393706130741 0.00284884214786311 0.009752973074889286 1.0647853074852247 0.9185923816389582
1251 15.979052313891474 1.2467911766480047 0.0027908805469392317 0.006320448452593104 1.3728854370047339 0.0
1252 14.399616001161926 0.8277934262540261 0.002765410223970927 0.004817981944437234 1.8981596283417386 0.0
2253 17.885527463232837 1.5695462960866426 0.003016236446191121 0.01969907328529139 0.9630596684793057 0.2866302131123509
2254 12.705985606433968 0.7485224894413983 0.0027608966103561234 0.004553209917957439 2.513883043457293 1.8983134219329256
2255 18.1358838702253 1.7080409388682471 0.0030983930248134027 0.024589501812700105 0.9180780633906162 0.478988292787714
2256 16.619518874535654 1.3720077498036298 0.0028228266858130635 0.008210999177207015 1.2111916667317142 0.2684904986934122
1257 16.074403978362277 1.2529567618795563 0.0027943224398606008 0.006523918424841988 1.3461313913061899 0.0
1258 16.870478790825928 1.390271016128515 0.002843005522503074 0.00940688743793513 1.1558352440367272 0.0
1259 17.982006631734013 1.5880685131778682 0.003045223026157426 0.021424029113225874 0.9478013469315751 0.0
1260 16.364113911347488 1.2938947408853818 0.002807324541513849 0.007293079928123336 1.2706393052856324 0.0
2261 18.65883159666552 1.8317954340498999 0.003364970909379147 0.04048014599618779 0.8168202344666561 0.4108163219012223
1262 16.676067050613412 1.360811110629203 0.0028268954866037775 0.00845204846387136 1.1994575801581708 0.0
1263 15.273220385694856 1.0637464260240719 0.0027741416749907715 0.005332140349788281 1.576573956476119 0.0
1264 18.089846398465223 1.6528326561378015 0.0030815219569083727 0.023584902553455363 0.9312853756971693 0.0
1265 18.12322488119543 1.6463812653168226 0.0030936676074645154 0.024308107468714694 0.9256453670087011 0.0
1266 18.074273124617775 1.6645758639923829 0.0030760074944076914 0.023256575464992636 0.934113092057742 0.0
2267 17.9437406318119 1.7376274447933417 0.0030333531176858623 0.02071759575365088 0.8896289039584148 0.7440850303094236
1268 18.65759048702243 1.833390674173313 0.003364137296715634 0.04043041383945098 0.8447730729032471 0.0
1269 16.706369073529224 1.3524361677613823 0.002829183319987108 0.008587607674727443 1.1912302797889627 0.0
1270 14.389934186758321 0.83352036649903 0.0027653532489001677 0.0048146328782579274 1.9035116055864265 0.0
2271 14.919959224566373 1.0490203059177836 0.0027695783134777403 0.00506323448096898 1.6473536232491721 1.0536517396622325
2272 18.96043947546746 1.911706241853151 0.0036057956183322853 0.054855391284988765 0.7661399263492328 0.608675083729574
2273 18.358897866705167 1.7819558691215496 0.003193529114088512 0.0302571808946776 0.8839802147578043 0.3861836596796766
1274 16.210602118600637 1.2816969955946556 0.0027999164287208136 0.006854745169992245 1.311339202106755 0.0
2275 18.262431787330033 1.7779467559326914 0.003149471650956393 0.027631939275051032 0.8784634315421916 0.5796160202265381
2276 13.189314759760583 0.7121421633345738 0.002761473150370923 0.00458693219678002 2.4182334898517666 0.29224292238030913
1277 16.60791505678246 1.3476632518334186 0.002822022907910256 0.008163386387128286 1.215400821609032 0.0
1278 18.838864335187463 1.7958912505519171 0.00349892890911179 0.04847449238173934 0.8186885583057641 0.0
2279 15.823546570747192 1.2900063150518137 0.002785993755825037 0.006031686768101185 1.3575468609469725 0.9785333528436603
2280 15.98092791937293 1.3117059968017444 0.002790944793949066 0.006324245832814847 1.3278482011462152 0.9186254649481681
1281 15.76208124134334 1.1874481219130084 0.0027842833491344035 0.005930657175163853 1.430144168411325 0.0
1282 13.817214387695534 0.7489140314571692 0.0027628732816535736 0.004668989439508292 2.1540657449239533 0.0
1283 15.824350889119968 1.2047234030035254 0.002786016921110767 0.006033055231972525 1.4134125246192264 0.0
1284 16.957203483439276 1.4193394726836215 0.002851393850629856 0.009904300223609516 1.138862261426236 0.0
1285 15.389762635553295 1.0901728831986728 0.0027760850153653507 0.005446745268898938 1.5389428222026518 0.0
1286 14.885561459148256 0.9406801000834873 0.002769222335008455 0.005042272642795751 1.70533926370389 0.0
1287 12.451385419136283 0.8133424802335059 0.0027606967933634014 0.004541538071175366 2.672876600657773 0.0
1288 17.534610085646584 1.4972474146430745 0.0029335266422495614 0.01478075887647759 1.0267904128901588 0.0
1289 15.963146212134886 1.2248538882574422 0.002790341048425879 0.006288561865794211 1.3746666373349234 0.0
2290 16.909687343425244 1.441498980861965 0.0028466979732884794 0.009625824636989976 1.1394468893858036 0.6124634639887577
2291 17.180180992081308 1.4697563753382887 0.0028770660598062586 0.011427456164086218 1.0866385229912083 0.35152705338182666
1292 18.377439204655566 1.6720463143431281 0.0032025517944855478 0.030794919102850357 0.8851910009099468 0.0
1293 14.274581557738143 0.8118284570071757 0.0027647195520874436 0.004777391316930525 1.952758730234327 0.0
2294 18.322974632531377 1.8238101906128188 0.003176568191917228 0.02924643073635269 0.8566614445395865 0.5656620169194726
2295 14.298870005259559 0.8632003493329606 0.0027648463164138704 0.004784839887155962 1.9098210085250127 0.9910600000703982
1296 13.062753286693578 0.7272491810138483 0.002761291128950356 0.0045762797623807175 2.4711468621790846 0.0
1297 18.982364433608605 1.9506124748303755 0.0036266521348054383 0.05610101675789402 0.7999579847198209 0.0
2298 16.860684128549416 1.44962505541932 0.00284210795462559 0.009353672327790347 1.1400381950127114 0.6778902859888826
2299 18.898207065772283 1.780082039795712 0.003549290306193042 0.05148118244933009 0.8038597124445594 0.2325315752570743
1300 15.459232306667104 1.1112955803765412 0.0027773689635104534 0.005522488007568629 1.5194843844904542 0.0
2301 15.040560518378939 1.0198524186565185 0.002770939580408057 0.005143414795285937 1.6319582146965876 0.32852646143393344
2302 18.760940304889758 1.7761800893520925 0.0034376462121268447 0.04481664532602141 0.8266423340153519 0.2135524829425703
1303 14.209631566206454 0.8004554914454631 0.002764396906790886 0.0047584358549743215 1.9822020405166987 0.0
2304 14.417377810935168 0.9486170773186743 0.002765516354931256 0.004824220753430451 1.7826076448244828 1.1575992546684666
1305 18.986191277221195 1.9234766019197782 0.003630344859163087 0.056321569248063925 0.7991992793926853 0.0
2306 15.34580144147767 1.096624391461064 0.002775322255870515 0.005401757428521113 1.5523020915891317 0.46210032153082353
1307 16.786334583168856 1.3709368668188568 0.002835604044087805 0.008968123408622339 1.173694176748266 0.0
1308 16.601003105346777 1.3533496824737754 0.002821549030206175 0.008135316552046011 1.2176118848342072 0.0
1309 15.951537208386444 1.2296359332052869 0.0027899532734736872 0.006265643863634502 1.3785805388049546 0.0
2310 14.092369947287285 0.9080317529462985 0.0027638702233589666 0.004727502819979059 1.912770997944889 1.4431072735669257
2311 17.937928412772138 1.6115761091466696 0.0030315939437165376 0.020612907209807938 0.9498792672271997 0.4171825163119375
2312 13.805105972640652 0.7486992626128101 0.00276283602716836 0.0046668040106665545 2.151307811323563 0.7077703423851878
1313 16.394137331979696 1.305213531400569 0.002808927065432916 0.007387930109186307 1.2640713876468521 0.0
1314 17.55872922973436 1.5083981246180886 0.002938237790783845 0.015060735898831216 1.0226207296975474 0.0
2315 16.021503868036366 1.3071547416059397 0.002792367973996492 0.006408370483440491 1.3265430650260475 0.8747703119447194
1316 17.554506612688638 1.515658707861486 0.002937403850819117 0.015011174299233754 1.0236950724453693 0.0
2317 15.278213004561302 1.120269071854243 0.002774219869361821 0.005336750804993905 1.5455272275480425 0.7966552488434092
2318 18.759956144956288 1.784318653976482 0.003436905657769914 0.044772449198050686 0.8268038006442895 0.20918594362879078
2319 18.11392612516436 1.7686194765404732 0.0030902386174364456 0.024103921998041577 0.8677756047973608 0.6774299564698907
2320 14.724620737876306 0.8985122343644474 0.0027677261723030424 0.004954200103470779 1.7637538555043464 0.19577899820580766
1321 16.37846190872468 1.2999261570124394 0.0028080837093739227 0.007338012319371324 1.2675633943295106 0.0
1322 17.143314250315978 1.4334521772691293 0.002872370761005986 0.011148793981821148 1.1019349572309638 0.0
1323 15.87864542958442 1.2008597179815144 0.0027876295199772477 0.006128326953661759 1.3961933975955851 0.0
1324 14.430956467942408 0.8399457813892743 0.0027655989151496867 0.004829074242536594 1.8863657930174103 0.0
2325 15.85421391870638 1.2136359469318052 0.002786891830539034 0.006084742316614148 1.4047048438605172 0.03325781190214078
1326 14.89376571824044 0.9472092476569884 0.002769306008476351 0.005047199539765442 1.7033589469147723 0.0
2327 17.536656859092727 1.5558961484452782 0.0029339215502996842 0.014804226809720551 1.014089040393028 0.521551040860372
2328 16.561622840339272 1.3938489458148848 0.0028189175017102144 0.007979452148439483 1.1954432604252105 0.7847507683115535
2329 18.084718040477252 1.6778247676757805 0.0030796954681725362 0.023476152775955533 0.9230860651208481 0.5280982473134062
1330 12.368285285956453 0.840558000116098 0.0027606428920310473 0.00453839145517817 2.696891773866248 0.0
1331 17.273074444298903 1.4824159425186483 0.0028897860130974343 0.012182547080883434 1.077877229963676 0.0
2332 15.73038432143607 1.1954000953229083 0.002783445925170568 0.0058812006140375635 1.4308954993303744 0.3542883687574656
1333 17.59951717591702 1.5324591261518468 0.002946497831504722 0.015551674194125852 1.0157408361706235 0.0
1334 17.949056214877533 1.6054557270827896 0.003034971952751931 0.020813934583754523 0.954082158236101 0.0
1335 18.928876322139722 1.8545311075758084 0.0035766489521320485 0.05311481001095899 0.8065716411348118 0.0
2336 13.876789561387584 0.7929269341988684 0.002763064059948242 0.004680182313968519 2.076617526778819 0.6740544060172308
2337 12.972285711086156 0.7562527004147068 0.0027611758440188984 0.004569535506263382 2.467931449777991 1.4609970284409788
1338 18.210068130792802 1.673387770433841 0.0031274617835008573 0.026320784381479993 0.9119066442148785 0.0
1339 15.50733568696117 1.1341868320229522 0.002778317907608261 0.005578479560738365 1.5064217449448543 0.0
2340 18.145746098434657 1.6976784945508556 0.0031021207928304067 0.024811495720103237 0.9168838607859315 0.4389982480828293
1341 18.650763137508115 1.750237816023769 0.003359572089678478 0.04015806383519221 0.8447597817491415 0.0
2342 13.750948980514611 0.7875689063075415 0.002762675399987399 0.004657382348470907 2.132386074310986 1.222282830296828
1343 17.97435228780523 1.6070809530688315 0.0030428081376686527 0.021280300308898 0.9496089415121336 0.0
1344 16.175844724186355 1.280790546604736 0.002798407437761717 0.0067654886868394 1.321082460964976 0.0
2345 18.668657675075906 1.9058661354450601 0.0033716115025803142 0.040876322058399285 0.797754911225012 0.6620709662328305
2346 14.643850827581993 1.0396770750092263 0.0027670703172029652 0.004915609240125707 1.6768484067647897 1.2574979469877137
1347 13.5580722929285 0.7279515162454467 0.002762175821856728 0.0046280916115948355 2.267159055436257 0.0
1348 15.000611812184058 0.9770207528141771 0.00277046831533931 0.005115652922692887 1.6659859980028626 0.0
1349 18.23809276985583 1.6359198031456865 0.0031390819158377695 0.02701298025774447 0.9065882130834585 0.0
1350 16.87554983433516 1.3941644695375162 0.0028434740774346866 0.009434667894858898 1.1549464590986296 0.0
2351 15.005127183682404 0.994719150074749 0.002770520539467119 0.005118729216029617 1.6598241114406056 0.6325916113084661
1352 13.411566151406454 0.7205470967349171 0.002761861814911258 0.004609692034372863 2.3295996609289427 0.0
1353 18.060947619977654 1.5981320985393623 0.003071364132169989 0.022980126939741316 0.934853946651117 0.0
2354 16.643215026927518 1.4227117694468292 0.002824500626163228 0.008310163224388809 1.1775452874053853 0.7657623931512506
2355 18.521507974050262 1.7444089911471146 0.003279368575778238 0.03537440772527794 0.8636460592599449 0.15869811995213934
2356 16.305869932723848 1.3050637145664357 0.0028043641223267266 0.007117885375448198 1.2817364222543273 0.44860088900255085
1357 14.396593675683045 0.8292223264997752 0.0027653923724873792 0.004816932599712612 1.8999858541338106 0.0
1358 18.358837639968364 1.7236691047915749 0.0031935001080893467 0.030255452236728805 0.8888954879054866 0.0
2359 13.800576707098479 0.7474715344035531 0.002762822220090692 0.004665994081013691 2.1609707830669795 0.4443326152244601
2360 18.850631946614236 1.8402985919933161 0.003508653328808477 0.049055013757028934 0.8108908728082855 0.4204254080258917
1361 14.488589467903699 0.8438803209421074 0.0027659635329096055 0.004850511795872467 1.8592219089301536 0.0
2362 18.777967420248693 1.845283616468099 0.00345058771437311 0.04558901569514417 0.8156603748049553 0.26561387492902927
1363 17.120253859337268 1.4284156693445973 0.0028695301158420234 0.01098022158913333 1.1064306104618187 0.0
1364 13.0006265915598 0.7188268302134648 0.0027612107208994487 0.0045715756052060125 2.4913842135156115 0.0
2365 16.999421849748312 1.4744964711691353 0.0028557793415233926 0.010164409739810797 1.0982243444512128 0.6720324055942923
