# Binary systems ID's begin with a '2'
ID Gmag (G_BPmag-G_RPmag) e_Gmag e_(G_BPmag-G_RPmag) M_ini1 M_ini2
10 13.864098742180666 0.7663067031971393 0.0027633952879650794 0.006650080977417569 2.1637582809473623 0.0
11 15.094157491838422 1.0232091155701963 0.0027720997241662045 0.007330416813225895 1.6591793427309487 0.0
22 13.222468505886743 0.716933911764663 0.0027618609833571965 0.006527102879120447 2.4347012439990725 0.05158734142306526
23 13.777162927338566 0.7495027378047572 0.0027631188392867826 0.006628052828538271 2.2001963344281954 0.29597417199343207
24 16.399798528138486 1.3530040387661488 0.0028097656712208177 0.01018358889660603 1.2542576788764332 0.5848497609200399
25 15.404311561541432 1.1232899115281787 0.0027768754419409077 0.00769785464363917 1.5537540408139923 0.4256976617291719
26 15.942443923277224 1.2623266686604526 0.00279022248077959 0.00871375871437223 1.3717331918357172 0.751707852332128
27 14.765270561258003 0.9520859359095913 0.0027685353155514525 0.007054037246686829 1.7785196607839184 0.5455497590423846
18 16.483852272200902 1.3235470902418631 0.002814555455863273 0.010541614047561015 1.262686885611282 0.0
29 16.082577217313176 1.303513520533937 0.00279520322458455 0.009089966191476498 1.310098222079923 0.8408724631352357
210 18.389676312913114 1.8450372099540857 0.003202141355687745 0.038606882023044166 0.8740542380709885 0.6238402373651963
111 12.765467477084268 0.7431619397156916 0.0027612701559539357 0.006479086618522206 2.6133218980806205 0.0
212 12.523451998372424 0.7785803723952572 0.002761058817928315 0.006461758500941635 2.646039656287056 1.6265836012069292
113 17.196263008391252 1.4528540163010533 0.0028790956410140924 0.015313972633373892 1.1168762057727657 0.0
214 16.138648682211958 1.3584062176195302 0.0027974216346678747 0.009257133632112492 1.2328626738835433 0.9109575708447433
115 14.314780394495372 0.8382397454960815 0.002765341096931214 0.006804048458104434 1.9694050024800007 0.0
116 18.660225245798195 1.7718425131423559 0.0033554350457737038 0.04949597593111036 0.8650868608190824 0.0
217 17.595844846556908 1.5622719838431958 0.002944707397519902 0.020103854970170018 1.0325792042023252 0.3573791231643926
218 17.75228168231683 1.7329139835750405 0.0029793561974759417 0.02261699035889251 0.9109678260524563 0.8684126620334056
119 16.74223862196304 1.3648543567445774 0.0028323877762455943 0.011868807931511408 1.2040050399888578 0.0
120 16.954972224310424 1.419423481267052 0.0028513958803884653 0.01327547282088853 1.1654695411425489 0.0
221 14.008771907420215 0.8335300160753558 0.002763918250113042 0.006691633191892277 2.0583444579386225 0.9529323979728
222 11.671865380163307 1.9068402578493127 0.0027606376909697907 0.0064268164767349555 2.979937560006877 2.0161037144751806
123 17.231689467932256 1.4402132508018428 0.0028838181406165113 0.015660386797335175 1.109068866286965 0.0
124 18.29406440130204 1.6875760958783508 0.003158000114597278 0.035456865378807934 0.9213202474784508 0.0
125 15.438173540923481 1.1184699301889849 0.002777502543923082 0.007745911181714112 1.546377565302998 0.0
226 14.63486345260835 0.9360700010243026 0.002767442777308443 0.006968830269805671 1.806852727138762 0.5178980865406742
127 16.955882631025354 1.397265209314327 0.002851487170569736 0.013282211702126085 1.164295592493935 0.0
128 17.419884530666664 1.4922460223474303 0.002912240824809151 0.017739468582377856 1.0731996988736818 0.0
129 13.364536758722512 0.7110193295710712 0.002762113993171039 0.006547523672542261 2.3763738172765487 0.0
130 16.47894938392983 1.3263035815994533 0.0028142637266493084 0.010519828673877522 1.2641041955659325 0.0
231 14.389550021077108 0.8722342418382198 0.002765767929005284 0.006837621590215335 1.9185714943377346 0.37948553356640263
232 17.939783102497845 1.7637517084680965 0.0030295692883130724 0.026243699364021843 0.9326704662566112 0.6904446881047662
133 17.20788981156301 1.4614086555526025 0.002880625283353802 0.015426210845120369 1.1148008297081318 0.0
134 13.965549874069747 0.7743662533804893 0.0027637531967324006 0.006678534458043896 2.119063131494338 0.0
135 17.76422653953702 1.587436605405974 0.002982255231990051 0.022826842116258496 1.0100415272930348 0.0
136 18.172443859838356 1.6626526143897435 0.0031081659371182406 0.03189119862987521 0.9408631689930222 0.0
237 15.804757213068868 1.2060770186030594 0.0027860228743011 0.008395475344227358 1.4372028793103762 0.18625651761145381
138 15.725690828271738 1.182549452662081 0.002783883886388417 0.008232930228331862 1.4550100933923569 0.0
239 14.86832533486971 0.9910084240710374 0.002769516791549622 0.0071303659336845 1.739164250290474 0.36504640634843
240 18.630568044617213 1.8209454308629607 0.003336318209283243 0.04814179401808563 0.864196633942845 0.4623887549011049
141 18.881045205340566 1.7029832355856724 0.0035192140547920317 0.06106100127379055 0.8324644828596427 0.0
242 15.213859022137637 1.2049477947990666 0.002773752574507006 0.007457903841116667 1.4994037521446932 1.28985533722437
143 17.245169879908 1.4405625898917302 0.0028856640759695055 0.015795713092942334 1.1063025051482196 0.0
244 12.740117940574926 0.7194850072475356 0.0027612452882774556 0.00647705277757164 2.540946228327489 1.1959905936981734
145 15.13737989464074 1.0230070630210393 0.002772671577651514 0.00737456717663701 1.6427774056649755 0.0
146 17.735048249215108 1.5447220323489315 0.0029752402327414816 0.02231894300890544 1.014444851963825 0.0
247 17.251278629446563 1.5205779671497497 0.0028865096387615313 0.015857686868480075 1.1009269479332162 0.5901525113050893
248 18.01756788677521 1.6436204307351943 0.0030536402613250014 0.027976754027413252 0.9619518064497871 0.20286602592333908
149 14.568707087271935 0.8984689198909367 0.002766945686748977 0.006929968080771213 1.8625759713782875 0.0
150 14.023377585175663 0.7838772955542912 0.0027639758246075768 0.006696199133284112 2.0923748243013987 0.0
151 18.201922824260837 1.6168914311202705 0.0031196394910249993 0.032713086979053264 0.9353107948247861 0.0
252 18.63222157204002 1.846940513527983 0.0033373677103718737 0.04821616320638733 0.8642116719164679 0.46261080313868647
153 18.1977334293175 1.6206873135040551 0.003117986141740361 0.032594688439025556 0.9360546627356635 0.0
154 17.05042953601191 1.4005707691307907 0.0028614838089762273 0.014019272877896463 1.1449545614910535 0.0
255 15.270863151540878 1.1788875055424601 0.002774619624365972 0.007524638471116666 1.5043849526736828 1.2188433348859296
156 17.56595890634704 1.533865914891275 0.002938740441676712 0.019670054492410036 1.0458367775070239 0.0
257 17.694342355941686 1.6286374125883922 0.0029658227509258865 0.021636519499867213 0.9914134171003014 0.6465107132795787
158 17.196698985308988 1.4399766056482646 0.0028791526462307896 0.015318155989579136 1.1162850444717867 0.0
159 16.085973691364607 1.2550397158334088 0.0027953337412427895 0.009099807612530425 1.3626252665727994 0.0
260 14.049643286716334 0.8188747619542811 0.002764081720578104 0.006704593012192442 2.0111997651117175 1.0889186109640683
161 15.654990998486106 1.1673252014243505 0.0027821227170095647 0.008098851104443052 1.476557898134405 0.0
162 17.40972564808051 1.484965838490846 0.002910551576672421 0.017616160688742465 1.0749740090664621 0.0
163 14.288412746271925 0.8234646942017798 0.002765198760560255 0.006792838833180302 1.9787214054763462 0.0
264 18.151967263223717 1.784368673598537 0.003100412571962417 0.03133546059049147 0.9176014952881169 0.6915683194662664
165 17.488306456552493 1.5077227189513724 0.002924123941991463 0.01860604567712905 1.0601471551527877 0.0
266 14.931968516326322 1.0414841953163454 0.002770180952929261 0.007181913138517468 1.668848311410875 0.5542266160858292
267 13.260502422424974 0.7316978909696344 0.0027619248873302525 0.006532267424834749 2.3670946263566925 1.3066114486775584
268 18.834384943328033 1.8464594292825858 0.0034812140224008 0.05838309972674033 0.8360532900536427 0.3042919594385698
169 18.269328556858454 1.6876652388010394 0.0031473169635821397 0.03469335789691416 0.9253685503160541 0.0
170 18.41643401532627 1.6913924645961214 0.0032153498332514454 0.03954808010935359 0.9014257206832683 0.0
171 18.638236199747585 1.757884564519054 0.003341201376462552 0.04848779699114861 0.8682887657748407 0.0
272 18.600061152434577 1.799531183882784 0.003317294251273996 0.046793202347202426 0.8496624379616737 0.6190085106631504
173 17.112262235857983 1.4396535954355487 0.0028686074169740543 0.01454350812026046 1.1337558137775474 0.0
274 12.40525623985431 0.8465552177131795 0.002760974360238064 0.00645480243623624 2.733989976180245 0.39594764020405926
175 16.464792876782806 1.312004527016972 0.002813430177575052 0.010457567537316876 1.2666971755988838 0.0
176 18.210082669723246 1.6391704776202578 0.0031228817580677593 0.03294523504079629 0.9343243971032635 0.0
177 16.264889098198616 1.2679579642666075 0.0028029470656120987 0.009672563874630414 1.3148541360917634 0.0
178 17.417923284252556 1.499837267398743 0.0029119132297167048 0.0177155579262153 1.0738354281549671 0.0
279 17.21487677441532 1.571725358912391 0.002881553963812604 0.015494337747793067 1.055689765656489 0.8251137758221273
180 18.746693334557833 1.7537958963048565 0.0034148710681008443 0.05370023356029782 0.8518003703124796 0.0
181 16.899637257114623 1.4092517075061077 0.0028460155587585953 0.012878037067309538 1.176494704460412 0.0
282 18.05894803280813 1.7251494380741899 0.003067310808317572 0.028959582019559324 0.9212988259872048 0.7321577645839855
183 13.758841961527416 0.7433761773201802 0.002763063880026454 0.006623667836600413 2.2082103491001512 0.0
184 16.811871680643225 1.3938482606329157 0.002838126557859558 0.012294277278098256 1.1941314162157293 0.0
185 14.60185316741712 0.901120923376331 0.002767190216683524 0.006949093094966334 1.8481062468451726 0.0
286 16.117061558750596 1.3246509743859387 0.0027965513115869203 0.009191577957517879 1.3105421244151767 0.7845739854614572
187 17.621186798595787 1.5211831032597436 0.002949923238983155 0.02048279397488494 1.0351228404233144 0.0
188 14.523993464289944 0.8965814838220632 0.002766629644807323 0.006905226583644283 1.8826230833039062 0.0
289 12.01476512133711 1.3232534345310594 0.002760762004223412 0.006437209004816413 2.7880334756812384 1.8773612632487786
190 16.3762248624209 1.3128363902595546 0.0028085000270166452 0.010088859343157206 1.2891023482464996 0.0
191 15.299621960334942 1.091102603133884 0.002775078145939607 0.007559893010303627 1.5921144405350174 0.0
292 18.45089372637235 1.7649658776445762 0.00323294372104925 0.040800832956224845 0.8671225805817198 0.5870736798758379
293 15.793272177616696 1.227304091652571 0.002785700491433368 0.008370996805783085 1.4248232065333006 0.5283071521174221
194 18.411972185182293 1.70499147536201 0.0032131202062239982 0.03938924625626327 0.9023285287559879 0.0
295 18.504257338739652 1.914224559274747 0.0032615412615271586 0.04283490115662819 0.8462213338669284 0.697984993813102
196 18.679697234710233 1.7459508966161223 0.003368330333583961 0.05040889502435417 0.8618599932587916 0.0
297 16.072492803291798 1.2660780563326506 0.0027948185732265905 0.009060957345471871 1.3599891515637361 0.3849902909154471
298 12.912076107901232 0.7530071276890333 0.002761428424236764 0.006492003118777518 2.504887196566224 1.627003496293122
199 18.600035436409843 1.8030783251565277 0.0033172784829122418 0.04679208412327663 0.8745936295051498 0.0
1100 18.056313140819142 1.6332795129312634 0.003066421642981059 0.02889568647542791 0.9598543824936625 0.0
1101 17.057206282173862 1.4066673117251545 0.0028622410904819945 0.014075040071083612 1.1438076135706363 0.0
1102 12.286150991292658 1.8384693261628313 0.0027608996742973938 0.0064486333629422115 2.9039919586938097 0.0
1103 15.716150361358645 1.1890342556085582 0.00278363815153062 0.008214235998042128 1.4587964484065647 0.0
1104 17.353845267398416 1.4695236906509652 0.0029015900008621857 0.016961481267456446 1.0855316040531051 0.0
1105 15.731264142520196 1.1795120287555452 0.002784028637785935 0.008243940133920722 1.4529046025879206 0.0
1106 11.702539080431423 1.968861480168476 0.0027606470001987427 0.006427597894071392 2.9805161368753117 0.0
1107 15.223169467353271 1.06220992664966 0.002773890497346429 0.007468525663247178 1.6165520130774584 0.0
1108 15.84733689090802 1.189256943211797 0.0027872542900103255 0.008488914788852301 1.4249897997656598 0.0
1109 17.452727518865704 1.5082530242603933 0.002917833150876474 0.018147469573772102 1.0672081876028283 0.0
2110 15.912476318088277 1.299537515565582 0.0027892534756032775 0.008640412405514395 1.3677003349180974 0.9480741606938385
1111 16.557215728871842 1.327706414367647 0.0028191141159546363 0.010881710901360517 1.2468909266667323 0.0
1112 17.157058196787865 1.469361264216405 0.002874079764455672 0.014945703291583302 1.1256546631148017 0.0
2113 18.9838109012667 1.7669829744882188 0.0036101202953726305 0.06745547554195891 0.8154199213093203 0.18506176155576387
1114 18.118219494903418 1.5903452857922518 0.003088009498681613 0.03044585868449285 0.9485959754293151 0.0
1115 15.399812252768102 1.1173644946433188 0.0027767938634851055 0.007691600122678737 1.5603401764775033 0.0
2116 17.228110805633158 1.456623182511019 0.002883332682417616 0.015624790234695776 1.1038631877518357 0.5713046559501129
1117 18.40975765473336 1.735228628456824 0.0032120176409115866 0.03931069546716964 0.9030882008372345 0.0
1118 17.68635378282011 1.5342651643183958 0.0029640235906112063 0.02150606817486276 1.0232775348181953 0.0
1119 17.914626949951483 1.5955763572558883 0.0030222154649699687 0.025713569532955526 0.9835142422102736 0.0
1120 17.14379103163781 1.4298745388496514 0.0028724308022028064 0.014824557406643426 1.126826324522143 0.0
2121 12.48802450729326 1.8131431790931918 0.0027610323398095838 0.006459579861447942 2.8378713049489144 0.021005131947165703
1122 14.277166098054051 0.828387410743588 0.002765139295443468 0.00678815353494825 1.9842222774762368 0.0
2123 16.290597430232097 1.3873145275841725 0.002804169525505183 0.009764307616915135 1.2403879963584032 1.0126682338093522
1124 12.369659468756659 0.8508799685503897 0.0027609510041296773 0.006452875125832143 2.7456114692375424 0.0
1125 18.076401105319043 1.6105779083650054 0.0030732660689524764 0.029387422762969406 0.9559998393696332 0.0
1126 17.819880788953895 1.5405327343020108 0.0029962768200893775 0.023840976599361845 0.9987050976413815 0.0
1127 15.545438470884804 1.1492667793226938 0.0027796506291577995 0.007910237975824474 1.5110990419210282 0.0
2128 17.959785523567717 1.6443695954460018 0.0030355636504410415 0.026675589282587363 0.9569126183579737 0.5008930895604861
1129 16.139429289908197 1.2648752748949597 0.0027974534954210524 0.009259532839577502 1.3483072963011664 0.0
2130 17.132328738621254 1.5602122015090383 0.002871025431905154 0.014721276570315559 1.0462501060212 0.920341747445026
1131 17.647061651698866 1.556416036471328 0.002955401058989503 0.020880517599376862 1.031215367268804 0.0
2132 18.6081533580498 1.8827195649508015 0.0033222784106826516 0.04714662230419311 0.8033791726856025 0.7353269690473243
1133 16.282342451306285 1.2945203073471654 0.002803773214215083 0.00973457135288895 1.312235954087254 0.0
1134 17.59287693651426 1.529570092969258 0.0029441060122091483 0.02006014824208686 1.0406597371643729 0.0
1135 18.344818264325376 1.736087902881652 0.003180852573817896 0.03708858355776223 0.9137055266779511 0.0
2136 14.291920706045664 0.837511783905146 0.0027652174595785553 0.006794311877223939 1.9794395158700278 0.19533271132711966
1137 16.65186210544294 1.3522956911010604 0.0028255663148630547 0.011362085293272125 1.2265315852464505 0.0
1138 17.19256847756114 1.463169854197548 0.002878613667503546 0.015278600986644235 1.118043128876907 0.0
1139 17.27891322158449 1.468193739560664 0.002890406634384897 0.016143191125656008 1.10039780554996 0.0
1140 13.72885568008195 0.7453664311843475 0.002762976285259924 0.006616674870899419 2.2223762345761293 0.0
1141 16.242814679458466 1.2741972204464158 0.0028019246622839546 0.009595789314763122 1.3212504880790823 0.0
1142 17.755191658609917 1.5737641341402562 0.00298005894425597 0.02266786555208531 1.0113981107823624 0.0
1143 17.844915469876238 1.6098164910092685 0.003002869741605283 0.024317354114716187 0.9958565851623205 0.0
2144 17.320326024421245 1.6111659588291338 0.002896473162988856 0.016587266095428092 1.0234943675197663 0.8918817475538353
2145 16.671913336710073 1.4466022324544487 0.002827021703971984 0.011470291443276538 1.1797330931196892 0.8354875369363198
1146 14.913665352044912 0.975759459007773 0.002769985155791512 0.007166725114764672 1.7263910641158078 0.0
2147 17.411639158720053 1.5266226212008838 0.0029108683181194033 0.017639283790713802 1.0687022904085477 0.09062249875400885
1148 16.34375043677604 1.2954883798520358 0.0028068094423724338 0.009962237930176837 1.2961209179982354 0.0
1149 14.963811560930194 0.9878826902858123 0.0027705311388082055 0.007209060479968614 1.7057210656136983 0.0
1150 16.298031132845036 1.276329934546834 0.002804529503734841 0.009791312550486275 1.3066442948883084 0.0
1151 16.672217509622342 1.3371414723359434 0.002827044030252496 0.011471950960541398 1.2201980768575091 0.0
1152 14.579712928628632 0.8966772214066292 0.0027670258930259906 0.006936242828906193 1.8570806416287502 0.0
2153 18.23496928543012 1.6621189181593765 0.0031329521317209016 0.03366598778194655 0.9266358006332848 0.03878906963432405
1154 18.032808085676454 1.6057603648459682 0.0030586027837972564 0.02833364370320761 0.9633867050561704 0.0
1155 17.431077733147372 1.5041360729679472 0.0029141240715440165 0.017876901745044662 1.0713669881611094 0.0
2156 14.859257327640506 1.0413654712748437 0.0027694258917948422 0.007123304658384213 1.7063309657743293 1.0618125457970116
2157 12.405135301090247 0.8472349089117179 0.002760974279326761 0.006454795762428418 2.733824738726468 0.4925209778362677
2158 16.189721270300105 1.4130353343073156 0.002799564979849211 0.009418433869309174 1.189971383594833 1.1473389038104056
1159 16.442875645967042 1.3140612330982795 0.0028121650266142357 0.010363026793119536 1.2723440769688517 0.0
1160 12.742104728369416 0.744341560285773 0.0027612472123306636 0.006477210184270753 2.6213646737856613 0.0
1161 15.696751659739189 1.1596171813330294 0.002783146386931973 0.008176811922054725 1.461875532487172 0.0
2162 17.173769700594576 1.437168807424618 0.002876191393838819 0.01510078363972791 1.1156741860347872 0.3394350431539397
1163 12.456547340855268 1.8267075788855391 0.0027610096651408925 0.006457712648661381 2.851960913662491 0.0
2164 16.956948610590846 1.4352132672750946 0.0028515941770352058 0.013290110541531359 1.1478149725303541 0.48190865310939085
1165 15.42554491713449 1.1189165507758274 0.00277726593196498 0.007727783616188548 1.5511329665108724 0.0
1166 18.77394694486393 1.7533823825273565 0.0034348080253355424 0.05510855763469064 0.8478682782819886 0.0
1167 17.502163025106196 1.4804446625746406 0.0029266414073397286 0.01878944969786384 1.0565720737187738 0.0
1168 14.080849984862734 0.7923339255204808 0.0027642115834548985 0.006714879416909273 2.069385789556778 0.0
1169 18.34532226902805 1.7248248137344668 0.00318108597158412 0.03710523837579042 0.9134654113809675 0.0
1170 18.785999888750982 1.772903541557653 0.003443817766231669 0.05574469135016366 0.8463461061507995 0.0
2171 15.974182595809946 1.3214371588465463 0.002791284220324075 0.008794063832525305 1.3077269259025497 1.070737064664341
1172 16.799044703143615 1.3882916513335035 0.0028370361046173723 0.012213486972007878 1.196926010061323 0.0
2173 16.60702449689827 1.4542673246815874 0.0028224257907836755 0.011128407689195109 1.160959617119728 0.9684796346832067
1174 17.84898198378663 1.5733129870420062 0.003003957925404296 0.024395954026101334 0.994376049405843 0.0
2175 18.631763196763803 1.940024378247229 0.003337076586137991 0.04819553401623887 0.8258705277287162 0.658294222190515
1176 17.957289566354667 1.6063500137449638 0.00303480842890817 0.026621187627809163 0.9763815422218629 0.0
2177 14.668283505585347 0.9217136938769355 0.002767707997331445 0.006989539968364213 1.808475429278342 0.2410248760690586
2178 18.450329982185394 1.828190806203133 0.003232650489906348 0.04077996233944121 0.8870029580149036 0.5033154658793626
2179 15.169639920362114 1.0526280712497986 0.0027731164842171967 0.007408884967749223 1.632417901685644 0.19830369226914835
1180 18.582659563646942 1.712687397407054 0.0033067254909582523 0.04604355329743693 0.8762591554501393 0.0
2181 18.09242853968007 1.6708154636878063 0.00307883659722159 0.02978746004246264 0.9470236362499607 0.31343566228578223
1182 15.890408380352168 1.2197289308152497 0.002788560071992539 0.008587893669285123 1.4154037730564726 0.0
1183 16.671916014822212 1.3416527253322545 0.002827021900512691 0.011470306052243624 1.220568752218083 0.0
1184 18.886322287309945 1.71865691702989 0.0035236358711594994 0.061372415408590814 0.8318536971919736 0.0
1185 12.97411487291401 0.7298412290240779 0.0027615034817363984 0.006498113339600008 2.539025015567824 0.0
1186 13.680291246179669 0.7432686430732078 0.002762840414523449 0.0066058175215783915 2.2431087766143114 0.0
2187 18.45434205801167 1.7502726914496285 0.0032347413353193636 0.04092877121525968 0.8813573385350414 0.45185082659238884
2188 15.904892339445883 1.2117975495973763 0.002789013274574004 0.008622222655501006 1.4076625931026558 0.027312765470173313
1189 17.588696816677658 1.521602168955957 0.002943262323864907 0.01999882637340799 1.0412244131033805 0.0
2190 18.454018961732018 1.811129977401632 0.0032345726153988215 0.040916763683327306 0.8876578296392487 0.46575156676375
1191 17.372263297259412 1.4971192972214755 0.0029044830154378413 0.017172925587640556 1.0828072156830335 0.0
2192 17.193401657097848 1.4447542320773654 0.0028787221895792236 0.015286565612301255 1.1159553450203672 0.32353172089070636
2193 14.91931887127218 1.0607927654772598 0.0027700452134092504 0.007171384518253943 1.678851825407516 1.051538018239781
1194 18.707828050499646 1.676280436456147 0.0033874549619728033 0.051762031902694815 0.8568917485059713 0.0
1195 12.549939596599755 0.800723737254503 0.002761079300282328 0.006463442534387489 2.6877741432496327 0.0
1196 18.314097772127834 1.711919971749069 0.003166868110684301 0.03609030103156242 0.9183938852119945 0.0
2197 16.013370611533123 1.3330873882736418 0.002792647394337464 0.008897078806836503 1.291582512628888 0.9804320274639
1198 16.10477902368407 1.2615149753640302 0.002796065274684094 0.009154952865157068 1.3578032264954796 0.0
1199 17.7010845101087 1.5463577593523743 0.002967353559043942 0.021747493536699445 1.020833675228165 0.0
2200 18.448157839509225 1.8191901997920954 0.003231522351554727 0.04069966483636144 0.8843618065324957 0.5227542962827194
1201 14.789413269594224 0.9540848462757199 0.0027687553603230257 0.00707116682873888 1.775801845222566 0.0
1202 17.99731659965096 1.6357297725967226 0.0030471735562405183 0.0275114869057528 0.970055140210933 0.0
2203 15.50583773566287 1.2449075355173564 0.0027788279012150676 0.00784735048242099 1.3933348886653607 1.2481207049081686
2204 16.167731017961902 1.3175981239978178 0.0027986273295821816 0.009347894466950488 1.3152442571048146 0.6938338460961142
2205 12.24224248390192 0.8380760737086709 0.0027608745198753675 0.0064465514114757 2.7375285402688316 1.6018735159151984
1206 18.25762169990737 1.5873439782902061 0.003142361437376841 0.034339036660682776 0.9257821715090334 0.0
1207 14.997661132540392 1.0072722080856247 0.002770917102051829 0.007238957407222403 1.6950132387946135 0.0
1208 17.51350292282312 1.5190421752248684 0.00292873041263706 0.018941592531154402 1.0555192941126226 0.0
1209 17.56652276325983 1.5070975557525146 0.0029388512123718533 0.019678110469940682 1.044979761344538 0.0
1210 16.66067256943058 1.3678972316970144 0.002826201853982833 0.011409343252281988 1.2252279333196368 0.0
2211 13.061536380294198 0.7427741321389104 0.002761618340863419 0.006507446593052592 2.4643273117433426 1.3272802341660328
1212 18.619285583782304 1.80582957991969 0.003329207952036087 0.04763787139305652 0.871683757634034 0.0
2213 17.700158990032573 1.6062408070690548 0.002967142745947139 0.021732211985153904 1.007074626398542 0.294895687884748
2214 17.332707607684785 1.6015089594784675 0.0028983413001040423 0.01672392608151358 1.0407662654067165 0.8174540008013989
2215 16.632405858762777 1.438893175035085 0.002824184495900136 0.011259299463237423 1.152822797573896 0.8709988706043605
1216 14.22368100033932 0.8183786845128878 0.0027648663625852213 0.006766632110521362 2.0079172771557428 0.0
2217 15.2726756154788 1.1956119674603107 0.0027746480950456127 0.0075268282316107 1.5066429328416395 1.217575667993131
1218 16.986052122228962 1.411633491026249 0.002854564734999292 0.013509305564992313 1.1586871302099355 0.0
2219 15.431790702221925 1.1252744519780569 0.002777382542837343 0.0077367182294980795 1.5437512084773786 0.09023359358270322
2220 17.52228661555483 1.6439181705580301 0.0029303665417490608 0.019060723039529437 1.000366075431439 0.793096001093149
2221 15.899507073231073 1.2130318115674878 0.0027888439251911043 0.008609396272495993 1.4096357410506726 0.10186420413775665
2222 12.7796845864069 0.749159527609305 0.0027612844096156376 0.0064802518147865735 2.6067313098852436 0.8363057477323561
2223 17.425411085463622 1.6428201931741893 0.002913167762366929 0.017807118130737584 0.9990067134055459 0.8690276923521023
2224 17.530260046002855 1.626127739412415 0.002931865507306534 0.019169844039078614 1.0005163633823364 0.7847011672886749
2225 18.038405706856786 1.6865188080823006 0.003060446494887928 0.028466204220965977 0.9298466388139268 0.441789888321639
2226 13.755025487831018 0.8496032024983201 0.0027630525702216128 0.006622765225664629 1.970456482587205 1.7639125406240799
1227 16.444558597909328 1.3085264188507153 0.0028122610949534413 0.010370207456697263 1.271543556716327 0.0
2228 15.30702807361095 1.1591002228678293 0.002775198596444872 0.007569150070509671 1.538914855909555 1.0742476411749098
2229 17.399213535595933 1.5137780805385117 0.0029088233701823566 0.01748997719741159 1.0623645536163266 0.47562233734805903
1230 16.635698342489047 1.3620397766417636 0.002824416258424275 0.011276542401620755 1.2314537357292856 0.0
2231 15.616583710601578 1.2930395708176405 0.002781221905943966 0.008030179843191773 1.3856143199472806 1.2056912469067302
2232 18.450461438006243 1.7777919096390054 0.0032327188502881106 0.04078482788966736 0.8829200032974233 0.48872868773438427
1233 17.148366774822346 1.420456436046994 0.0028729967975584117 0.014866144350243232 1.1255025106111005 0.0
1234 17.846817116200604 1.5872695313949838 0.003003378008566738 0.02435406739245241 0.9950470853303643 0.0
1235 13.570742058866676 0.7346334423763552 0.002762559336861124 0.006583313900796031 2.2913582070026273 0.0
1236 17.731156723007764 1.5230347929782224 0.0029743215553049147 0.02225240208460843 1.0146292850503273 0.0
1237 14.61965985585815 0.9041341038480321 0.002767325314302073 0.006959652715382283 1.8409314614746506 0.0
1238 13.326904318079762 0.7233333189438769 0.002762043074642803 0.006541806782445162 2.394662889391042 0.0
2239 13.622063873755684 0.7433002970869377 0.0027626868023731166 0.006593526497113685 2.264844169787995 0.5531521928340847
2240 12.157908746258983 1.840279532107435 0.002760829487953277 0.006442818471574975 2.938034351372503 0.2592201150858548
2241 15.1320931844063 1.0500025160187905 0.002772600162444682 0.007369056041628502 1.636692550117199 0.5881525934307883
1242 13.728517706393964 0.7380483277901526 0.002762975314372731 0.006616597333096975 2.221126733248572 0.0
1243 13.675685558077946 0.7256223987789495 0.0027628279021728484 0.006604817013385463 2.2417204116774303 0.0
1244 17.314067707802895 1.4716887826534817 0.0028955385514172994 0.016518880817963693 1.0935086145657689 0.0
1245 17.690284864787436 1.581528528511111 0.002964906958521991 0.021570121515920675 1.0237584472511398 0.0
1246 14.468723818976857 0.85842320419026 0.0027662598927312185 0.0068762451126877415 1.8997353766360283 0.0
2247 18.10202196477672 1.7975774949148424 0.0030822182413414202 0.030030230837601708 0.8704975745497764 0.8132766547394386
2248 15.273790408338343 1.0932643582580552 0.00277466563475706 0.007528177212271952 1.5876336637131614 0.5585402786142214
2249 15.58228813792013 1.2085433865426176 0.002780449101297334 0.007971214559067514 1.466599116004525 0.860677493007397
2250 15.932435217483143 1.22473726996993 0.002789895286074407 0.008688998552066089 1.3998423846715338 0.24517062911240717
1251 17.569748480515976 1.516697606989055 0.002939486233981786 0.01972429130572447 1.0446437008664173 0.0
1252 18.83063513291062 1.779737597993555 0.0034782440898797 0.05817367580013451 0.8401520825120604 0.0
1253 17.706860686890217 1.5501146854796994 0.0029686741100487064 0.021843210633106604 1.0198490253604542 0.0
1254 14.787870009872208 0.9442471948908122 0.002768741118865278 0.007070058493815291 1.7748017421151954 0.0
2255 14.246187390698381 0.913800324184741 0.002764979256576867 0.006775537488549014 1.8779325473841058 1.198427782851335
2256 16.582514831928243 1.442347689696845 0.0028207734997487285 0.01100536093448901 1.1780579699029734 0.9775538419377666
2257 13.97093323970574 0.9076601444388365 0.002763773328702226 0.006680132887026163 1.8602291200717862 1.7993871424916759
1258 13.591931329047808 0.731009853625219 0.0027626110921397913 0.006587462102060748 2.2801833636006448 0.0
1259 16.68373804090284 1.3540804956725088 0.0028278951649907827 0.011535206848554148 1.2182724473493076 0.0
2260 15.390285456896008 1.120581040785047 0.0027766224579990778 0.0076784564265013865 1.5608958756865212 0.38687959382430137
2261 18.29874735518705 1.7567567467734106 0.003160055593545836 0.0356037146220259 0.905804860963474 0.5866132007314093
2262 13.188490533321195 0.7380596055803772 0.0027618061138304584 0.006522664573817998 2.4233980561687147 0.7862470497854045
1263 16.05128178674622 1.2400342422258188 0.0027940233233860845 0.009000959977960226 1.371250839040944 0.0
1264 14.13596097814867 0.8057422628330487 0.0027644521069962523 0.0067339110918544585 2.044950528232877 0.0
1265 17.89269143226257 1.5987851350014737 0.0030159672663531457 0.025262884179531007 0.9873632442213116 0.0
2266 18.284604026920107 1.7225430971664082 0.003153879883636895 0.035162453664483215 0.9062931595380097 0.6145029578587686
1267 18.93715162297758 1.8077528096759903 0.0035675689174569226 0.0644643429734351 0.8254412903259015 0.0
1268 17.649524958198352 1.5074375849596204 0.0029559307332526377 0.020918961995710493 1.0294562551995383 0.0
1269 14.937515096940766 0.9880015178830167 0.002770241070417886 0.007186575111266316 1.717675365395529 0.0
1270 16.981644917041198 1.4198042798235095 0.0028541087588113963 0.013475669528644355 1.1599574472548932 0.0
1271 14.885577703718585 0.9800954285990215 0.002769692259178403 0.007143992229911042 1.7393612350358807 0.0
2272 16.65837619216664 1.4361722070622558 0.0028260356112952685 0.011396982617004418 1.1526569582086577 0.8496630971049349
1273 16.611307960943595 1.354792546054709 0.002822719160582825 0.011150247409760936 1.2374592282871488 0.0
1274 17.586657077750505 1.528442382222051 0.0029428520436625915 0.019969003681022328 1.0417964234623693 0.0
2275 18.95884176624653 1.9508099555343694 0.0035870777355353116 0.06583613060271588 0.7959185243415554 0.6126755921746488
2276 18.930603034742234 2.1313085641239615 0.003561769885426544 0.06405643573822271 0.777737451309515 0.6945243019680291
1277 16.351192472163252 1.2972225137165618 0.002807191545412543 0.009990865486221957 1.2943543366144696 0.0
2278 18.566404978499854 1.936410342382716 0.003297034601286687 0.04535588992483054 0.8482258180994898 0.6519802491560108
1279 16.0039868616582 1.2391800942968736 0.002792315600498665 0.00887201419923713 1.3846837222399393 0.0
1280 18.96784681625143 1.8935979289647216 0.0035953150330767115 0.06641513048215529 0.8217899466358183 0.0
2281 12.228438416776825 0.8597036797226237 0.002760866859736208 0.00644591695729545 2.7777188427327166 0.5708707690086886
2282 18.24630591609747 1.7808185955288205 0.0031376317804354373 0.03400077015672095 0.8934400931929911 0.5202301988691391
1283 15.30635212292632 1.0800255225713928 0.00277518756223737 0.007568302120958189 1.588228328916636 0.0
2284 16.5853361673077 1.438367614432784 0.002820961433863837 0.011019360181714804 1.1777605325567047 0.9720465446592249
1285 16.180778429437417 1.2687301583016732 0.0027991809219499136 0.009389545775991213 1.3374889950044202 0.0
2286 17.266353902458057 1.5046580241572778 0.0028886208300631933 0.01601238223097384 1.0960423976407236 0.5894669149535509
2287 15.187397933975435 1.1876635730186402 0.0027733682176659348 0.007428290573903474 1.4980184363959859 1.3012811561497566
1288 17.13529893973566 1.4404010095393378 0.002871387901963149 0.014747917305717064 1.1290084334771384 0.0
1289 18.382784712518575 1.702526598732031 0.003198801986243622 0.03836883014708417 0.9070337893325233 0.0
2290 18.885543294188874 2.032132176891253 0.0035229815133439 0.06132633364262822 0.7795929956233453 0.7038511922232399
1291 14.213666911367827 0.8262979431574197 0.002764817023340439 0.006762738552380186 2.0142641176931155 0.0
1292 16.614777577104306 1.3490445781797313 0.0028229578071452158 0.011168011615668227 1.2361496964051615 0.0
2293 14.041702994806046 0.8372876351385009 0.0027640493839747203 0.006702030409923776 1.9688699894424797 0.9096403510165358
1294 13.916442087760675 0.7701154595031826 0.0027635749558877556 0.006664373239352178 2.141098178727451 0.0
2295 15.661947880934326 1.2692455039231787 0.00278228999898081 0.00811159644804639 1.3788936265125316 1.1314508802822614
1296 18.664876495504505 1.8098177895682264 0.00335849024254721 0.04971230719085462 0.8647690688715625 0.0
1297 16.18950088385549 1.273471087116203 0.002799555469648225 0.009417718606325967 1.3355216223360251 0.0
1298 17.087793160201596 1.428858263984317 0.0028657302732471774 0.01433187045583871 1.1383902708955036 0.0
1299 13.15162837491878 0.7214439547757211 0.0027617488629079253 0.006518029640848194 2.4690161177862886 0.0
1300 12.520554599065184 1.8223785321044559 0.0027610566134539704 0.006461577186583099 2.831246930762406 0.0
1301 16.522420719486785 1.3233108020460256 0.002816906091624993 0.010717058151497443 1.2530221755743935 0.0
2302 18.03583199594871 1.7072218000349606 0.003059597370052046 0.028405155457084177 0.908508808486288 0.7350444769813724
1303 17.751519012474624 1.5390151273095534 0.0029791723880598533 0.022603682921785648 1.011229122440765 0.0
1304 18.411156219173087 1.7694056718210174 0.0032127136421369897 0.03936028163613348 0.9033128849063232 0.0
1305 15.360573472082852 1.0951986765987565 0.00277609928459023 0.007638319369657427 1.5712888295721272 0.0
1306 15.167277451823253 1.0445279819061086 0.0027730833638333523 0.007406331158151311 1.6349339394339195 0.0
2307 18.583306018987038 1.8137623384526531 0.003307114501358558 0.04607115171574698 0.8035720709961083 0.7448041021302967
1308 18.859968449349136 1.799163401096799 0.0035018072495332014 0.05983470369161106 0.8362017936832121 0.0
1309 14.718696636002498 0.9292522049164613 0.002768127000187037 0.007022224258633208 1.802702826515748 0.0
1310 14.763074937741573 0.9403214973699732 0.002768515592537877 0.007052501395833009 1.7850165675852552 0.0
1311 18.742714268799794 1.718889638141597 0.0034120099691573496 0.053498051449577824 0.8520626138012065 0.0
1312 17.812199125324334 1.589239054790248 0.002994290007825565 0.02369736020815672 1.0012034457228027 0.0
2313 15.372994377780767 1.1545508015749368 0.0027763159139512997 0.007654942371878373 1.5413166622856411 0.5885959800564162
2314 14.959068277491017 1.0996190576757519 0.0027704781943629878 0.007204957432924872 1.605007257092089 1.092183084228697
1315 17.87659572623448 1.5666873562631087 0.0030114775431512243 0.024938888043026963 0.9894740592561083 0.0
2316 13.226507974193419 0.7149305787568719 0.0027618676440932916 0.006527641406662669 2.4332100810594617 0.18772357550152186
2317 16.67639844027549 1.4658416169638033 0.002827351669321453 0.01149481658751165 1.161581344208348 0.9173185515800157
1318 16.35228274991316 1.279136196939486 0.0028072477879147305 0.009995078794871765 1.2927866759836517 0.0
1319 14.356488679847663 0.8428162110554321 0.002765574854335881 0.006822442577458637 1.950764872823601 0.0
2320 13.543896843627534 0.7753350169174931 0.002762495477085949 0.006578192524254144 2.2755526557351424 1.2027101040095667
1321 16.630970624472738 1.344290476673242 0.0028240837303968734 0.011251802161475654 1.2315281277615622 0.0
2322 17.603910250986864 1.6692328934541258 0.002946351645503993 0.020223337471546435 0.9874070421898444 0.7582522646586114
2323 18.707780700463587 1.7924391936467075 0.0033874222709997332 0.051759719685698716 0.8565254311915587 0.22649988770856838
1324 15.346222929069107 1.0867003992553563 0.0027758526619254065 0.007619388660814414 1.5752722113947315 0.0
1325 17.935228639016845 1.5839491654520959 0.003028222751483153 0.0261466531140915 0.9797342119530126 0.0
2326 18.033342388922158 1.6833563835655592 0.003058778279284684 0.028346262388961006 0.9524244702330638 0.5448131684333546
1327 16.657638339880812 1.355918493369135 0.002825982284779279 0.011393017486126904 1.2252458687220564 0.0
2328 13.898466307605599 0.7639427644950649 0.0027635120834315257 0.006659373916985547 2.1469622214594835 0.21290394441045385
2329 18.05645858934306 1.7208941377298002 0.0030664706585101743 0.028899208845126353 0.9219590619521414 0.706468966530943
1330 18.673251934786325 1.7456253494110914 0.003364031299569661 0.05010459396776018 0.8628361686770918 0.0
1331 18.737904121051848 1.7857415943403032 0.0034085679838981955 0.05325479441934494 0.8534284785946994 0.0
1332 14.626772025111167 0.9056165998768612 0.0027673800182145196 0.006963927234608498 1.8381140157756313 0.0
1333 14.61490578402364 0.899944711550965 0.0027672889860550494 0.006956813644699081 1.842265267904048 0.0
1334 14.08609296818303 0.7932608237584259 0.002764233842643572 0.0067166417815552526 2.0671270318437887 0.0
2335 17.12578122144922 1.4663790764011095 0.002870230576428279 0.014662849700361847 1.1063195609395193 0.6349196528219526
1336 16.503111914526233 1.3330605282659245 0.0028157167989698757 0.010628313694244565 1.2584855960266679 0.0
1337 16.301879571969277 1.2964840112772482 0.0028047170256931347 0.009805378183725347 1.307155730605438 0.0
2338 17.740466581863277 1.7296301663744447 0.00297652591861974 0.0224120562254849 0.9110658421660762 0.8737287001777418
2339 15.858468103968484 1.2248028527132448 0.002787585839984611 0.008514056318667163 1.415160268310545 0.5120160508738784
1340 16.828452418021683 1.3907070523478644 0.0028395591408608557 0.012400377461465755 1.1900318785125934 0.0
1341 17.54095539857299 1.5031076987123995 0.0029338969567064385 0.019317694867535113 1.0496719430439885 0.0
2342 17.208729348113767 1.538444593129501 0.002880736494084816 0.015434369745661236 1.0758817059109584 0.7406799554320843
2343 17.33214872656068 1.6128028718871021 0.0028982564259943263 0.0167177181719291 1.0231305223488163 0.8842563021741667
1344 13.05405617519813 0.7203526411111317 0.002761608074733819 0.0065066131840812325 2.5075291926319676 0.0
1345 13.025767414902766 0.7135295967859888 0.002761570005703858 0.006503521379937159 2.5172660982453077 0.0
1346 14.45473805128215 0.8587840112134547 0.0027661698414476374 0.006869180810458972 1.9061118243747215 0.0
2347 14.234149811640163 0.8252788554333175 0.0027649185271626632 0.006770747598745566 1.996394762719644 0.04760984872112817
1348 14.775567595915431 0.9377679304252065 0.002768628451329656 0.007061288716654693 1.779053817143389 0.0
1349 17.834209966292754 1.531402553265622 0.003000028176950675 0.024112069931669623 0.9960249967498953 0.0
2350 14.46647363137595 0.8938811065259871 0.0027662453105028466 0.0068751013358844815 1.8934523857039247 0.20392402960206762
1351 18.831704828291635 1.8240749692125304 0.0034790900625715298 0.05823333126963549 0.840373681975697 0.0
2352 17.369390906944638 1.4875412577871387 0.002904027964195312 0.01713967313475398 1.0652012500540202 0.30918610822779935
2353 18.79015287073575 1.8553742752580467 0.003446949976648083 0.05596579775853469 0.8300407896635709 0.416601287757562
1354 16.398874566810775 1.3018614446027084 0.002809715443757692 0.010179830560055426 1.2825889073187413 0.0
2355 18.12542513483612 1.6576382443778854 0.003090619178658778 0.03063309723660445 0.9414911630304952 0.3569693662577244
1356 16.515642108936735 1.3228697179831623 0.002816485691747069 0.010685692881531015 1.2546811940576228 0.0
1357 14.174112246022672 0.8060294586844375 0.002764627370236494 0.006747763261874238 2.028938953516819 0.0
1358 16.211471215141394 1.2848613692437292 0.0028005149851619655 0.009489864628756978 1.3305119104618794 0.0
1359 18.91592691150892 1.933880679072288 0.0035489244586034687 0.06315264748625533 0.8294131913538567 0.0
2360 12.29489743986609 1.7904134505171487 0.002760904831872797 0.006449059966758063 2.8828717118730425 1.531713627776771
2361 16.185148208819776 1.319713800503579 0.002799368113415563 0.009403626743641565 1.3040938447028116 0.6610699528383233
1362 17.08106996324228 1.4317538546288193 0.002864953221008028 0.014274690033160406 1.1399071230536229 0.0
2363 17.68753365088167 1.6183933056674038 0.0029642883216685454 0.021525264568560853 1.0027395443832432 0.6605179915355308
2364 12.45625010768688 0.8279158030379623 0.002761009454751319 0.006457695316755497 2.7173745510019485 0.43111937246086474
1365 18.960687459390684 1.9812508631925083 0.0035887594209432615 0.06595434665976951 0.823464717036061 0.0
2366 18.84999750941638 1.868370709901174 0.0034937121734462864 0.05926419467504076 0.8340139230695494 0.26309531756904186
1367 17.46913489118446 1.5086332653594168 0.0029207035739222727 0.01835676250649952 1.0639702534021305 0.0
1368 18.361668683671766 1.6789278051023409 0.00318872642413565 0.037650334098986896 0.910155870795029 0.0
1369 12.029579383460188 1.8651715009093526 0.002760768505242806 0.006437750261330389 2.969876754767279 0.0
2370 17.98659989420818 1.665122221910766 0.00304380935944683 0.027269347759081186 0.9655054839975022 0.3574779813452378
1371 14.323410024356372 0.8291142412182048 0.002765388585624212 0.006807786813983298 1.9637567910754212 0.0
1372 12.818590614690155 0.7388967000297063 0.0027613245758878672 0.006483533157076788 2.59431562134841 0.0
1373 17.298844321452833 1.4602852636525991 0.0028932918091454643 0.016354444285824145 1.0961385636348258 0.0
2374 18.941572286899735 1.9853084821423712 0.0035715072950094177 0.06474133366342816 0.7952092060903592 0.6310807186076394
1375 15.334055634785663 1.0874667387120582 0.0027756465906347786 0.007603565549297959 1.579689758945112 0.0
1376 17.003405954374966 1.423058139929412 0.0028563818529088745 0.013643313412064609 1.1555919106753927 0.0
1377 18.151858706666918 1.6254484637459892 0.0031003719315774005 0.031332546875069124 0.9436408909951617 0.0
1378 16.695608892955015 1.3634101299812516 0.002828783548132501 0.011601212184918993 1.2157577613205917 0.0
1379 15.404853425401917 1.1137524701689419 0.002776885293947142 0.007698609938567472 1.558109606638914 0.0
1380 15.666926307557768 1.1815032474315865 0.0027824104969053766 0.008120775942938177 1.4742139862674426 0.0
2381 18.4588937316009 1.7385253763477502 0.0032371245953559543 0.04109837400032438 0.8890344452961545 0.3867879199441179
1382 17.92078887226722 1.6201456715733438 0.003023997970926934 0.025842098558615113 0.9829476422035985 0.0
1383 16.396105803269815 1.3246809402527704 0.0028095652366073236 0.01016859060477881 1.2848867666728732 0.0
2384 16.84449923910917 1.4512366682005517 0.002840970719898022 0.012504880458405431 1.1131736102566732 0.7232327566447513
1385 17.9790207805343 1.6067510679502996 0.0030414539680557635 0.027099779852842898 0.9726495507360922 0.0
2386 16.17492268685142 1.291812443647177 0.0027989314830863263 0.009370780078099045 1.322009521206658 0.40040899913839967
2387 14.725773730777735 0.9568391280202967 0.0027681877043508408 0.0070269561901822345 1.7847829365006087 0.2720853731585603
2388 14.371892965313057 0.8622581567260771 0.002765663939658613 0.006829447748233465 1.9404541527694663 0.5613288964988437
1389 17.35560006797003 1.504671347534248 0.002901863114876986 0.01698144666529481 1.0863766663252916 0.0
