# Binary systems ID's begin with a '2'
ID Gmag (G_BPmag-G_RPmag) e_Gmag e_(G_BPmag-G_RPmag) M_ini1 M_ini2
10 16.214586147537357 1.260142670721033 0.002822363903938214 0.006249886072912308 1.4637893014179264 0.0
11 17.346700138660633 1.4853173706435603 0.0029462899465682877 0.012009331487013573 1.1825111702748416 0.0
12 17.627220237704147 1.5274382345387438 0.0030024375044615677 0.015768518644685425 1.077699978196346 0.0
23 17.697408057280903 1.6661994748429119 0.003018883074297334 0.01699054323302849 0.9973754996506833 0.8245983418260262
14 17.74267595884956 1.5873051886661058 0.0030300626348628546 0.01785142892815792 1.030785748029466 0.0
25 14.702368549844667 0.8873863174784294 0.0027711470079161806 0.005139855501523506 1.9308050878210317 1.665012276822463
16 13.586064745199991 0.6156342189054402 0.0027601540074161453 0.005040683280313011 3.281988932196682 0.0
27 17.698702241150617 1.5706371128643768 0.003019196317103793 0.017014334405586178 1.0314688704889063 0.06335756315011745
28 14.176441910290547 0.7236365797992622 0.0027645880395528806 0.005072854158263468 2.4703238792806834 1.1070086488540327
29 14.94856088120047 0.896481837096836 0.0027754822853663305 0.00519538144851675 1.8991013375187062 1.1336984186161734
210 12.949622434058275 0.5931601155908965 0.0027574184645037378 0.005027075149551773 3.9107474385971295 0.44188427257612073
111 15.981615359094356 1.1922062223937133 0.0028092545415502245 0.005879965124212037 1.559252435795491 0.0
112 16.649109686847986 1.3385940371984624 0.0028556803660895833 0.0074163506257150956 1.3732451649737627 0.0
113 14.526393776062154 0.7335623967723603 0.002768594037431818 0.00511122797717417 2.252906857044295 0.0
114 16.786031214302685 1.38806719594058 0.0028692276420209505 0.00797671609180229 1.3421633935780857 0.0
215 12.959704622436998 0.6154659481379647 0.002757450568830274 0.005027203334808759 3.5946342408534235 1.8409461451035656
216 17.698618739179732 1.6545230119399919 0.003019176095208462 0.017012797950711835 0.9972641520244366 0.821650030195624
217 18.488527404743795 1.915752163739313 0.0032995044672443925 0.0453104794790809 0.9025410529495659 0.4438819326597735
118 17.625627598635116 1.536044327963832 0.003002076428264393 0.01574228762759808 1.0793754998093583 0.0
119 16.353487765656023 1.2962694428013053 0.002831614900120663 0.0065422350822313576 1.4270337222327598 0.0
120 14.492877342276579 0.7300626830593946 0.002768152600428166 0.005106598440279031 2.280306954026224 0.0
121 17.776833111628115 1.6287730764777604 0.003038809446381966 0.018541758506364234 1.0218051454113684 0.0
222 18.820610746311658 2.141145875183012 0.0034927355929506507 0.07207757389583984 0.8452984374835548 0.7340904455974596
123 15.9413698199542 1.1730813851609827 0.0028072591176944266 0.005828409700688421 1.5716599966227822 0.0
224 18.855917165390473 1.9526732460408651 0.0035169391923527914 0.0758096981344894 0.8442214706291071 0.5631672512319541
225 14.99861170797948 0.8682372175757952 0.0027764892437877682 0.00520946924108052 1.9069037637035149 0.7874214626792719
226 17.546605312228245 1.5573033776037473 0.002984804441851279 0.014518067534540784 1.0844079474743162 0.7250738730581849
227 16.989891015888276 1.482983472524251 0.0028928117864221196 0.009062689205677325 1.2449139957401911 0.23446632805628465
128 17.654864747471503 1.545632386479524 0.003008789329421969 0.016234188659964427 1.0632839974432293 0.0
129 17.30422003722898 1.4724984664889869 0.002938972589400628 0.011568317852248076 1.1971660574747267 0.0
130 12.73272281961274 0.5398706831426869 0.002756794767916229 0.005024747436962327 4.322886732188442 0.0
231 13.768755124424045 0.6529580602187748 0.002761280722131301 0.005047745200766587 3.0544397903812848 0.303659117379381
232 10.71003082109878 0.4479081583948898 0.002754396159847351 0.005019115936352779 6.990543247821371 6.734623722176258
133 17.583669502106236 1.5081469981963833 0.002992750559656002 0.015073818706026287 1.0926073224791704 0.0
134 17.31749303274021 1.484234261798573 0.0029412285027003407 0.011703039350925218 1.1934867056064913 0.0
235 12.239091631460719 0.5561268132359951 0.002755761517994327 0.0050216162134417005 4.5854994058089185 2.365683429044923
136 14.485035836491296 0.729019131110679 0.0027680512572234653 0.0051055492427455745 2.2875503748116857 0.0
137 18.79970431015441 1.8888400864174684 0.0034787671128876305 0.0699610513285845 0.8787795596172715 0.0
238 17.114700995559318 1.514159555143304 0.0029095731410608513 0.009916014846076675 1.167539834613917 1.0316264773895123
139 17.767038991547903 1.57706532365959 0.003036273455633117 0.01834010294053231 1.0222417548191296 0.0
140 18.417864582502602 1.8408596393983856 0.0032654178157832227 0.04117131130807431 0.9158286532460252 0.0
141 14.81998673285699 0.8078143047388916 0.0027730969426887427 0.005163781914966061 2.0497968885027382 0.0
142 15.9983777214857 1.1912199276396829 0.002810107513987205 0.0059023948891630245 1.550073641917768 0.0
143 17.347078204792815 1.4621330207836563 0.0029463563524353273 0.012013386888798478 1.1801436715790152 0.0
144 17.687871871976267 1.5424295956100258 0.0030165863234217667 0.016816686848261778 1.0427555365714558 0.0
245 15.944823661030364 1.1949695145429258 0.002807427501792827 0.005832710357826395 1.5704369556992208 0.0021769779233135863
146 17.549604774339233 1.5428486729489719 0.002985437537758669 0.014561876585465301 1.117593217751011 0.0
247 11.899640965351747 0.5112564543155681 0.0027552779279209046 0.005020493810320598 5.300807069397312 1.392052292954163
148 12.024805275454254 0.48992192295998066 0.0027554390650621967 0.005020841541016853 5.488146821575118 0.0
149 17.668199164043518 1.5432281327127888 0.003011910944897913 0.01646596489974521 1.0543043985081997 0.0
250 16.26224562187005 1.3454694756222418 0.002825406776487752 0.0063432599424168585 1.412440457561075 0.9041474446946987
251 16.240640741239947 1.3362843883766995 0.002824010971249034 0.006300085158021478 1.4104896930653976 0.6264072132254193
152 17.647501192065064 1.5438618897154033 0.003007081724335366 0.016108214203700594 1.0679879739323752 0.0
153 13.457431286442159 0.6014506016565762 0.0027594661879482376 0.005036773610197723 3.4542770535600114 0.0
254 16.567082144250733 1.3964581958988977 0.0028483394683748034 0.007132876329197534 1.3514642116475089 1.0954277048687413
155 16.247570099532815 1.2742550849145144 0.002824455653751464 0.006313777096259326 1.4547339874350511 0.0
256 14.09810743163797 0.6942031967934019 0.0027638535447091334 0.005066739502826522 2.606002077406878 0.2629367414220819
157 17.887613707498048 1.5910123777239649 0.00306912985890804 0.021046664872401366 0.9893425034853731 0.0
158 12.570527478511055 0.5301157224255106 0.0027564027735797513 0.005023448623262399 4.5916077972638005 0.0
259 17.60118202697829 1.5850926038765603 0.0029965996109409154 0.015347603449058026 1.0295449741707214 0.15957477321572963
260 16.439274546619135 1.3843498759502195 0.0028379429364346095 0.00675650079207478 1.3683050635650476 0.5292873116131366
161 16.370144997512114 1.3011549402257105 0.00283280515169928 0.006581663184472179 1.4234982216230692 0.0
262 15.936292277313928 1.268101297514742 0.0028070125358729743 0.005822128469887959 1.5183982733691874 0.938258742096422
163 16.49059982098183 1.3267352815323565 0.0028419728231817644 0.0068988436844050335 1.3988013407592261 0.0
164 17.707081012918312 1.527503340163742 0.003021233285575947 0.017169510672535304 1.035639009235902 0.0
265 18.207106250748847 1.8592029794662475 0.0031758860281655772 0.031184198673207365 0.9194744968989534 0.6795497035718725
266 12.903592733689052 0.5894804957927514 0.0027572755907610547 0.005026514468490647 3.8927411955696485 0.06977673290062167
167 15.231668221400632 0.9348877867267261 0.0027818345487140195 0.005291391624057042 1.8002381462893449 0.0
168 17.380176677012695 1.483613851130195 0.002952259726551098 0.012377697708145296 1.169496525896226 0.0
269 16.086272380551364 1.2855189561976876 0.002814800228832597 0.006029930429914203 1.4576666876108786 0.4262645969409465
170 18.01682026255036 1.6553989882066171 0.00310859405094021 0.024560186447796284 0.95624621134618 0.0
171 14.35985787243524 0.7069232589426304 0.0027665279565401634 0.005090401775577352 2.390680686086448 0.0
172 18.454243897887093 1.8071777707571322 0.003282691913670058 0.04324622572955958 0.9107749611853349 0.0
173 17.5809926970648 1.5196272532485133 0.0029921676324039634 0.01503261472293288 1.0955660087098453 0.0
274 17.631049820020237 1.608063386993681 0.0030033078828770273 0.015831855410922427 1.0496440194839336 0.47689320455462963
275 16.750761210475275 1.460475661249813 0.002865574424969334 0.007820932687196146 1.283934782727781 0.7746830751733291
276 18.843949942747077 2.0584371620814097 0.0035086477457127773 0.07452197254664016 0.8616773967793305 0.6008670242701015
177 15.608845966515197 1.0688766984640123 0.0027932994164828607 0.005504938478769253 1.667274927337522 0.0
178 16.180512055397383 1.2456648964158699 0.002820268164346415 0.006187191944878677 1.4738918469605287 0.0
279 14.737068311560682 0.8260297768803696 0.0027717006663926717 0.00514647112866471 2.0371639873485923 1.1371674170981718
180 16.050391619514095 1.2185391289002134 0.002812838953153525 0.005975782404440419 1.524973048452803 0.0
281 13.06541671111636 0.5679232743067553 0.0027578055931942375 0.005028673789256027 3.8203252269589116 0.07922670112386279
282 12.559135111302332 0.5676241318581625 0.0027563773612455243 0.005023368973490225 4.358077473898907 1.2386979090399612
283 12.4050117211284 0.5660001179218812 0.0027560583251623996 0.005022417690533655 4.363801782298371 2.4004467688056104
284 16.349681363144494 1.3714867462707874 0.002831345443103119 0.006533365770523955 1.397306138370786 0.5995844378887067
285 12.634650101478124 0.5581255485223162 0.0027565508458568555 0.00502392385581087 4.339055972960457 1.5223890509059326
286 15.031373537625786 0.9106440032433093 0.002777173731279733 0.005219294060721717 1.8680262181505813 0.5077001497361644
287 17.202958153253917 1.516710029341161 0.0029226329131380457 0.010626015394718424 1.1546878777191276 0.26237370601807586
288 14.601858749318488 0.8120612907573546 0.0027696388353366805 0.005122565615448558 2.06690797930506 1.4284389473393548
289 18.754466296307154 1.8841425455513048 0.003449439078494712 0.06560711985809042 0.8548194494092399 0.6447374824151457
290 18.46943187749948 1.8343633701230517 0.003290075175343732 0.04414733345588557 0.9041399118093908 0.37563870553537715
191 16.83239127515719 1.3868136912547797 0.0028742120300248104 0.00819473291481501 1.3294563115510376 0.0
