# Binary systems ID's begin with a '2'
ID Gmag (G_BPmag-G_RPmag) e_Gmag e_(G_BPmag-G_RPmag) M_ini1 M_ini2
20 17.599746182346923 1.6771662126079254 0.003071197954131677 0.025545515349126722 0.9392760076315343 0.7007245000424455
21 12.630452455511843 0.5485314491252585 0.002749908179325265 0.005622452047360641 3.491422280974739 2.922621334948747
22 17.331869936050417 1.5125780779661537 0.003001193259309928 0.02094463739205692 1.0874734207260417 0.4754018289301664
13 16.871038974095317 1.3430433747050374 0.0029142029100631783 0.015357916160157137 1.233509640376245 0.0
14 18.289146711438995 1.7961912368186517 0.003353000745610216 0.04469373426214138 0.9036898476722506 0.0
25 16.118047930943185 1.2540801645922097 0.0028311832569284864 0.01022429116704645 1.409633084213401 0.658605167011393
16 12.449087203244732 0.48766315649321185 0.0027493622707062625 0.005596452055312104 4.535858539497295 0.0
27 16.29351126012185 1.2823765255071884 0.0028458063266181776 0.01110922042775082 1.3381048583255317 0.42762035622430417
28 15.843929684276585 1.1238366117486742 0.0028125190766607965 0.009111025367776027 1.5036660130964232 0.13132866845647975
29 18.010730497908547 1.7757305261251188 0.003217752928172264 0.03539832608218649 0.9042667059905343 0.6074318990334067
110 14.112340814480344 0.6207187623393129 0.0027600991370885547 0.006140435063544733 2.490974513719282 0.0
111 15.970647790705538 1.1515097991279544 0.0028205735468386736 0.009588999913994551 1.462833120842269 0.0
212 17.725343216419873 1.54382091372298 0.003110349014797756 0.028151160737996807 0.9917420011547173 0.34063741585785157
213 16.833275801281026 1.47101092095878 0.002908556283984478 0.015001518708874725 1.1047348156795065 0.9881895434001798
214 16.08131903584822 1.312378974168433 0.0028284055808597665 0.010057383659884043 1.3652952269214298 0.9916955864260082
215 17.07004022114258 1.5103239528081127 0.0029473708276933166 0.017468037749637386 1.1070272253803564 0.881950773196268
216 12.49943397083337 0.4900548981657151 0.0027495049343925332 0.005603216631148799 4.450344721876082 0.7628618215979481
217 14.857360290893341 0.7689591631285162 0.002773394788359806 0.006861380868767811 1.9275008928825732 0.01608463958724239
218 17.382958459414326 1.5682348763311973 0.0030132670761683212 0.021732280016738995 0.9982796590836523 0.7861690666430479
119 17.5204463424491 1.4021922182754385 0.0030486768677559398 0.024056726388945997 1.0790602011646635 0.0
120 16.637745054987725 1.300358682888672 0.0028822178676382705 0.013351430925630778 1.2854662705804978 0.0
221 15.479702894936596 1.086012772650497 0.0027939100412069815 0.008023636964934978 1.5764856300565728 0.4937882184037299
222 17.638371800523643 1.5854555928137812 0.0030827675699581203 0.02631327474395178 1.0208223775317313 0.4650004112679306
123 18.755870356616438 1.7299346123548114 0.0036722686163975634 0.0671933437283703 0.8546293556741547 0.0
224 16.796593876060122 1.3523522034908466 0.0029032532181524815 0.014667618856976193 1.2497192452974737 0.10632131986974713
225 14.336874677405856 0.6588445721374298 0.0027632106618630417 0.006305887017226329 2.297714148629161 0.3122933312470821
126 15.687511866753626 1.0753309484843216 0.002803771005436158 0.008596648032112995 1.5586666536137639 0.0
227 14.093881937514471 0.6686348323436715 0.0027598703913450074 0.006128371011444455 2.316301664212074 1.041525765550923
128 12.772402152327707 0.512852125066975 0.0027504026175382023 0.0056462491449571234 4.046915122420411 0.0
229 16.632022516146254 1.394526964843714 0.002881515108184707 0.013307700457979467 1.2644490909527946 0.7764359387527855
130 17.57116432776591 1.4858553525984473 0.003062893651565337 0.0249956525022919 1.066938622896838 0.0
131 15.44237040593933 0.9708336064852121 0.002792326976628254 0.007932399820930526 1.6473211327857806 0.0
232 17.01224842385836 1.4465812053633376 0.002937115057722387 0.016812676891256914 1.1530223450453274 0.764730132114659
133 17.935299618292195 1.5893529182156847 0.00318661341076027 0.03328351907024951 0.9457713696938279 0.0
234 9.732564721235894 0.3990782350779333 0.0027465660663776874 0.005471116605315495 7.9910462979665375 5.829135300718372
135 17.82089260269751 1.565718993514655 0.003143264191111145 0.030357593455347155 0.9692997027407446 0.0
236 18.56467153752894 1.8948195740555025 0.003525005789419898 0.056731191349103954 0.8658017765252596 0.5158448164134383
237 14.384418878008951 0.6716398625576446 0.0027639547012258646 0.006345793900294209 2.264134411223125 0.0015745766031677352
238 17.626947665550464 1.5529755872654947 0.003079303413165587 0.02608319062925266 1.0257631257121171 0.37553321527561523
139 15.94768788112705 1.1488120128822554 0.0028190447539444027 0.00949797630817594 1.4705745765648706 0.0
140 15.836018178501657 1.1244452698092346 0.0028120462126129007 0.009083089731318111 1.5076810605959379 0.0
141 16.355138365848838 1.2582321753024972 0.0028515193035422424 0.011457586840638953 1.3534821594683375 0.0
142 17.66782495070735 1.5154225920907662 0.003091865824498167 0.02691837697019441 1.014030168370085 0.0
143 17.385579749374813 1.456083111050982 0.0030139017683691247 0.021773756698797678 1.121204042860707 0.0
244 12.588365826115679 0.5042053991448611 0.002749773392908476 0.005616004324787675 4.233432356084875 0.4889874755668083
145 17.000358374927753 1.4006363354434772 0.0029350708230231446 0.01668234602257368 1.207032350496829 0.0
146 18.529680241406542 1.7803547095991852 0.00350070902628055 0.05501806681307225 0.878175409687651 0.0
247 13.807630215690686 0.6668092744741397 0.0027567717890431887 0.005966501937573768 2.597243414812066 1.3799087402064478
248 17.7063902208063 1.7049090202151886 0.0031041518708627464 0.027737311512089004 0.9098757302493818 0.8224329875293556
249 18.472453581909544 2.0131352069976534 0.003462595723182884 0.05233881623911052 0.8195809220269387 0.795545609816348
150 13.159870282916884 0.5496240043110758 0.0027521256202869123 0.005730679124022613 3.5239395797809836 0.0
251 17.639221464108275 1.4900900050967623 0.0030830266498649596 0.02633048933344913 1.0246633824635896 0.24929854396679846
152 13.882339381760008 0.6045790917913495 0.0027575046891164076 0.0060045097040877845 2.708852229210572 0.0
253 14.137574077263741 0.6675914680322261 0.002760418085503289 0.006157280457029236 2.438464850120693 0.853365744942312
254 14.94173838072742 0.7953154812961867 0.0027755466807392283 0.006980937687101918 1.8797112624031507 9.05770430059448e-05
255 16.359720246977353 1.3213409440172492 0.0028519569291466074 0.011484329677444623 1.324196012803772 0.553576517241669
256 12.658878604167214 0.5021545176194621 0.002750002168235878 0.0056269585027632005 4.209879114817752 0.2500302291574567
157 16.574753241246974 1.3081715570448862 0.0028746791968466594 0.012883191000873734 1.3011890622507347 0.0
258 13.866295078834236 0.5998382306908661 0.0027573430848129056 0.005996113152001002 2.7220950651490354 0.2639804530422461
259 12.267948911835703 0.5356792532256724 0.0027488996073971135 0.005574676201004129 3.886194008161278 3.5128682705642857
160 14.442408855113834 0.6801744160722716 0.0027649066812085645 0.0063970303940364005 2.2173348502309707 0.0
161 14.87730536730232 0.7757023705303596 0.0027738887028990536 0.0068887635875742766 1.9162770612826023 0.0
162 12.999559441565113 0.5213013166289534 0.002751338841844758 0.005691863151965184 3.7241488408611296 0.0
163 17.632191125365893 1.532384516809804 0.003080888944386624 0.0261884779265399 1.0370416190365146 0.0
264 15.145061281954472 0.8887481212890957 0.002781460666202471 0.007312672951038032 1.769869275293291 0.33392141320638263
165 17.59749161735737 1.4850498419422167 0.0030705350626595005 0.02550158492917267 1.0533860889236077 0.0
166 16.572389447360923 1.305320317185824 0.0028744045940183247 0.012866171663103818 1.301621265492626 0.0
267 17.364242234084916 1.5100141376339604 0.00300877885701028 0.021439181958026823 1.113728983813049 0.6888822880238565
168 18.78521990782452 1.779831917355089 0.003697218273799062 0.06897836049598131 0.8519274902105279 0.0
169 13.990145164945432 0.6218888114536834 0.0027586536521153546 0.006064452420592507 2.6085018210582827 0.0
170 14.35494766259657 0.6586840027907787 0.0027634897247675854 0.006320840129650029 2.2844190081588462 0.0
271 18.004584596596874 1.6455845379660567 0.003215135385657797 0.03522016082009761 0.9292125772746812 0.5337067777322073
272 18.594022997428567 1.9440745722369923 0.003545988900917533 0.05821378606196047 0.8207557118378246 0.7617729707888751
173 17.983319751821533 1.641375690962064 0.00320619030150346 0.034611849703181416 0.9385619265865865 0.0
274 17.145198454604078 1.4215233311603417 0.0029615374453686046 0.018377259307000113 1.1674661862679074 0.5491775518895616
175 16.730469967311826 1.3407495750124516 0.0028941277548659656 0.014094964839512697 1.2650652959645212 0.0
176 14.730294616526281 0.736876075388413 0.0027704492886706164 0.006698851070813416 2.0079745982759225 0.0
277 12.973846375887899 0.5453916527329954 0.0027512229433016323 0.005686180628048176 3.5394501702205075 1.3051589710810512
178 13.26734373021049 0.5404651543305751 0.0027527208133144355 0.0057602990246165 3.3773004506941096 0.0
179 15.765005057724483 1.084169519029502 0.0028079501739192935 0.008841722865306737 1.5298019975549475 0.0
180 13.24552677534088 0.5440563793894124 0.002752595257667625 0.005754033568816442 3.4074365726299867 0.0
181 13.214249931553823 0.544967032053993 0.002752419534851659 0.005745279853206008 3.449287398986977 0.0
282 14.465816118778493 0.6802323717582667 0.0027653053348868587 0.006418543143511261 2.1964002713464623 0.230401542901829
283 15.220572545755076 1.119681803419119 0.002783949680886261 0.007453542040377589 1.550044622849745 1.2527541087320784
284 17.85909220185505 1.6608431813721865 0.0031572415014498455 0.03129861295877685 0.9495622460757603 0.6060700768125766
185 14.852630556409121 0.7786726731250042 0.0027732789657387595 0.0068549648261037426 1.9334670247611 0.0
186 16.121926196422926 1.2080562118303613 0.002831481987377836 0.010242265256987203 1.4177967830651843 0.0
187 14.133602850768211 0.6381718871082509 0.0027603674045199047 0.006154601868420914 2.4781380915828795 0.0
188 15.253818130661855 0.9021034528738782 0.0027851006814393468 0.0075189147586969 1.7259911626416755 0.0
289 14.638972406295569 0.9446080970594081 0.0027685322490277903 0.006593826851826861 1.6914493268788884 1.6446822568916537
290 13.93221211884557 0.6056007344529597 0.002758022290288237 0.00603146123551665 2.6578756814587288 0.08963470492268737
